0 99 1 1 1 1 1 1 0 1 0 0 0 0 1 1
100 199 1 1 1 1 1 1 0 1 0 0 0 0 1 1
200 299 1 1 1 1 1 1 0 1 0 0 0 0 1 1
300 399 1 1 1 1 1 1 0 1 0 0 0 0 1 1
400 499 1 1 1 1 1 1 0 1 0 0 0 0 1 1
500 599 1 1 1 1 1 1 0 1 0 0 0 0 1 1
600 699 1 1 1 1 1 1 0 1 0 0 0 0 1 1
700 799 1 1 1 1 1 1 0 0 0 0 0 0 1 1
800 899 1 1 1 1 1 1 0 0 0 0 0 0 1 1
900 999 1 1 1 1 1 1 0 0 0 0 0 0 1 1
1000 1099 1 1 1 1 1 1 0 0 0 0 0 0 1 1
1100 1199 0 1 1 1 1 1 0 0 0 0 0 0 1 1
1200 1299 0 1 1 1 1 1 0 0 0 0 0 0 1 1
1300 1399 0 1 1 1 1 1 0 0 0 0 0 0 1 1
1400 1499 0 1 1 1 1 1 0 0 0 0 0 0 1 1
1500 1599 0 1 1 1 1 1 0 0 0 0 0 0 1 1
1600 1699 0 1 1 1 1 1 0 1 0 0 0 0 1 1
1700 1799 0 1 1 1 1 1 0 0 0 0 0 0 1 1
1800 1899 0 1 1 1 1 1 0 0 0 0 0 0 1 1
1900 1999 1 1 1 1 1 1 0 0 0 0 0 0 1 1
2000 2099 1 1 1 1 1 1 0 0 0 0 0 0 1 1
2100 2199 1 1 1 1 1 1 0 0 0 0 0 0 1 1
2200 2299 0 1 1 1 1 1 0 0 0 0 0 0 1 1
2300 2399 0 1 1 1 1 1 0 0 0 0 0 0 1 1
2400 2499 0 1 1 1 1 1 0 0 0 0 0 0 1 1
2500 2599 0 1 1 1 1 1 0 0 0 0 0 0 1 1
2600 2699 0 1 1 1 1 1 0 0 0 0 0 0 1 1
2700 2799 0 1 1 1 1 1 0 0 0 0 0 0 1 1
2800 2899 0 1 1 1 1 1 0 0 0 0 0 0 1 1
2900 2999 0 1 1 1 1 1 0 0 0 0 0 0 1 1
3000 3099 1 1 1 1 1 1 0 0 0 0 0 0 1 1
3100 3199 1 1 1 1 1 1 0 0 0 0 0 0 1 1
3200 3299 1 1 1 1 1 1 0 0 0 0 0 0 1 1
3300 3399 1 1 1 1 1 1 0 0 0 0 0 0 1 1
3400 3499 1 1 1 1 1 1 0 0 0 0 0 0 1 1
3500 3599 1 1 1 1 1 1 0 0 0 0 0 0 1 1
3600 3699 1 1 1 1 1 1 0 0 0 0 0 0 1 1
3700 3799 1 1 1 1 1 1 0 0 0 0 0 0 1 1
3800 3899 1 1 1 1 1 1 0 0 0 0 0 0 1 1
3900 3999 1 1 1 1 1 1 0 0 0 0 0 0 1 1
4000 4099 1 1 1 1 1 1 0 0 0 0 0 0 1 1
4100 4199 1 1 1 1 1 1 0 0 0 0 0 0 1 1
4200 4299 1 1 1 1 1 1 0 0 0 0 0 0 1 1
4300 4399 1 1 1 1 1 1 0 0 0 0 0 0 1 1
4400 4499 1 1 1 1 1 1 0 0 0 0 0 0 1 1
4500 4599 1 1 1 1 1 1 0 0 0 0 0 0 1 1
4600 4699 1 1 1 1 1 1 0 0 0 0 0 0 1 1
4700 4799 1 1 1 1 1 1 0 0 0 0 0 0 1 1
4800 4899 1 1 1 1 1 1 0 0 0 0 0 0 1 1
4900 4999 1 1 1 1 1 1 0 0 0 0 0 0 1 1
5000 5099 1 1 1 1 1 1 0 0 0 0 0 0 1 1
5100 5199 1 1 1 1 1 1 0 0 0 0 0 0 1 1
5200 5299 1 1 1 1 1 1 0 0 0 0 0 0 1 1
5300 5399 1 1 1 1 1 1 0 0 0 0 0 0 1 1
5400 5499 1 1 1 1 1 1 0 0 0 0 0 0 1 1
5500 5599 1 1 1 1 1 1 0 0 0 0 0 0 1 1
5600 5699 1 1 1 1 1 1 0 0 0 0 0 0 1 1
5700 5799 1 1 1 1 1 1 0 0 0 0 0 0 1 1
5800 5899 1 1 1 1 1 1 0 1 0 0 0 0 1 1
5900 5999 1 1 1 1 1 1 0 0 0 0 0 0 1 1
6000 6099 1 1 1 1 1 1 0 0 0 0 0 0 1 1
6100 6199 1 1 1 1 1 1 0 0 0 0 0 0 1 1
6200 6299 1 1 1 1 1 1 0 0 0 0 0 0 1 1
6300 6399 1 1 1 1 1 1 0 0 0 0 0 0 1 1
6400 6499 1 1 1 1 1 1 0 0 0 0 0 0 1 1
6500 6599 1 1 1 1 1 1 0 0 0 0 0 0 1 1
6600 6699 1 1 1 1 1 1 0 0 0 0 0 0 1 1
6700 6799 1 1 1 1 1 1 0 0 0 0 0 0 1 1
6800 6899 1 1 1 1 1 1 0 0 0 0 0 0 1 1
6900 6999 1 1 1 1 1 1 0 0 0 0 0 0 1 1
7000 7099 1 1 1 1 1 1 0 0 0 0 0 0 1 1
7100 7199 1 1 1 1 1 1 0 0 0 0 0 0 1 1
7200 7299 1 1 1 1 1 1 0 0 0 0 0 0 1 1
7300 7399 1 1 1 1 1 1 0 0 0 0 0 0 1 1
7400 7499 1 1 1 1 1 1 0 0 0 0 0 0 1 1
7500 7599 1 1 1 1 1 1 0 0 0 0 0 0 1 1
7600 7699 1 1 1 1 1 1 0 0 0 0 0 0 1 1
7700 7799 1 1 1 1 1 1 0 0 0 0 0 0 1 1
7800 7899 1 1 1 1 1 1 0 0 0 0 0 0 1 1
7900 7999 1 1 1 1 1 1 0 0 0 0 0 0 1 1
8000 8099 1 1 1 1 1 1 0 0 0 0 0 0 1 1
8100 8199 1 1 1 1 1 1 0 0 0 0 0 0 1 1
8200 8299 1 1 1 1 1 1 0 0 0 0 0 0 1 1
8300 8399 1 1 1 1 1 1 0 0 0 0 0 0 1 1
8400 8499 1 1 1 1 1 1 0 0 0 0 0 0 1 1
8500 8599 1 1 1 1 1 1 0 0 0 0 0 0 1 1
8600 8699 1 1 1 1 1 1 0 1 0 0 0 0 1 1
8700 8799 1 1 1 1 1 1 0 0 0 0 0 0 1 1
8800 8899 1 1 1 1 1 1 0 0 0 0 0 0 1 1
8900 8999 1 1 1 1 1 1 0 0 0 0 0 0 1 1
9000 9099 1 1 1 1 1 1 0 0 0 0 0 0 1 1
9100 9199 1 1 1 1 1 1 0 0 0 0 0 0 1 1
9200 9299 0 1 1 1 1 1 0 0 0 0 0 0 1 1
9300 9399 0 1 1 1 1 1 0 0 0 0 0 0 1 1
9400 9499 0 1 1 1 1 1 0 0 0 0 0 0 1 1
9500 9599 0 1 1 1 1 1 0 0 0 0 0 0 1 1
9600 9699 0 1 1 1 1 1 0 0 0 0 0 0 1 1
9700 9799 0 1 1 1 1 1 0 0 0 0 0 0 1 1
9800 9899 0 1 1 1 1 1 0 0 0 0 0 0 1 1
9900 9999 0 1 1 1 1 1 0 0 0 0 0 0 1 1
10000 10099 0 1 1 1 1 1 1 0 0 0 0 0 1 1
10100 10199 0 1 1 1 1 1 0 0 0 0 0 0 1 1
10200 10299 0 1 1 1 1 1 0 0 0 0 0 0 1 1
10300 10399 0 1 1 1 1 1 0 0 0 0 0 0 1 1
10400 10499 0 1 1 1 1 1 0 0 0 0 0 0 1 1
10500 10599 1 1 1 1 1 1 0 0 0 0 0 0 1 1
10600 10699 1 1 1 1 1 1 0 0 0 0 0 0 1 1
10700 10799 1 1 1 1 1 1 0 0 0 0 0 0 1 1
10800 10899 1 1 1 1 1 1 0 0 0 0 0 0 1 1
10900 10999 1 1 1 1 1 1 0 0 0 0 0 0 1 1
11000 11099 1 1 1 1 1 1 0 0 0 0 0 0 1 1
11100 11199 1 1 1 1 1 1 0 1 0 0 0 0 1 1
11200 11299 1 1 1 1 1 1 0 1 0 0 0 0 1 1
11300 11399 1 1 1 1 1 1 0 1 0 0 0 0 1 1
11400 11499 1 1 1 1 1 1 0 1 0 0 0 0 1 1
11500 11599 1 1 1 1 1 1 1 1 0 0 0 0 1 1
11600 11699 1 1 1 1 1 1 1 1 0 0 0 0 1 1
11700 11799 1 1 1 1 1 1 0 0 0 0 0 0 1 1
11800 11899 1 1 1 1 1 1 0 0 0 0 0 0 1 1
11900 11999 1 1 1 1 1 1 0 0 0 0 0 0 1 1
12000 12099 1 1 1 1 1 1 0 0 0 0 0 0 1 1
12100 12199 1 1 1 1 1 1 0 0 0 0 0 0 1 1
12200 12299 1 1 1 1 1 1 0 0 0 0 0 0 1 1
12300 12399 1 1 1 1 1 1 0 0 0 0 0 0 1 1
12400 12499 1 1 1 1 1 1 0 0 0 0 0 0 1 1
12500 12599 1 1 1 1 1 1 0 1 0 0 0 0 1 1
12600 12699 1 1 1 1 1 1 0 1 0 0 0 0 1 1
12700 12799 1 1 1 1 1 1 0 1 0 0 0 0 1 1
12800 12899 1 1 1 1 1 1 0 1 0 0 0 0 1 1
12900 12999 1 1 1 1 1 1 0 1 0 0 0 0 1 1
13000 13099 1 1 1 1 1 1 0 1 0 0 0 0 1 1
13100 13199 1 1 1 1 1 1 0 1 0 0 0 0 1 1
13200 13299 1 1 1 1 1 1 0 1 0 0 0 0 1 1
13300 13399 1 1 1 1 1 1 0 1 0 0 0 0 1 1
13400 13499 1 1 1 1 1 1 0 1 0 0 0 0 1 1
13500 13599 1 1 1 1 1 1 0 1 0 0 0 0 1 1
13600 13699 1 1 1 1 1 1 0 1 0 0 0 0 1 1
13700 13799 1 1 1 1 1 1 0 1 0 0 0 0 1 1
13800 13899 1 1 1 1 1 1 0 1 0 0 0 0 1 1
13900 13999 1 1 1 1 1 1 0 1 0 0 0 0 1 1
14000 14099 1 1 1 1 1 1 0 0 0 0 0 0 1 1
14100 14199 1 1 1 1 1 1 0 0 0 0 0 0 1 1
14200 14299 1 1 1 1 1 1 0 0 0 0 0 0 1 1
14300 14399 1 1 1 1 1 1 0 0 0 0 0 0 1 1
14400 14499 1 1 1 1 1 1 0 0 0 0 0 0 1 1
14500 14599 1 1 1 1 1 1 0 0 0 0 0 0 1 1
14600 14699 1 1 1 1 1 1 0 0 0 0 0 0 1 1
14700 14799 1 1 1 1 1 1 0 0 0 0 0 0 1 1
14800 14899 1 1 1 1 1 1 0 0 0 0 0 0 1 1
14900 14999 1 1 1 1 1 1 0 0 0 0 0 0 1 1
15000 15099 1 1 1 1 1 1 0 0 0 0 0 0 1 1
15100 15199 1 1 1 1 1 1 0 0 0 0 0 0 1 1
15200 15299 1 1 1 1 1 1 0 0 0 0 0 0 1 1
15300 15399 1 1 1 1 1 1 0 0 0 0 0 0 1 1
15400 15499 1 1 1 1 1 1 0 0 0 0 0 0 1 1
15500 15599 1 1 1 1 1 1 0 0 0 0 0 0 1 1
15600 15699 1 1 1 1 1 1 0 0 0 0 0 0 1 1
15700 15799 1 1 1 1 1 1 0 0 0 0 0 0 1 1
15800 15899 1 1 1 1 1 1 0 1 0 0 0 0 1 1
15900 15999 1 1 1 1 1 1 0 1 0 0 0 0 1 1
16000 16099 1 1 1 1 1 1 0 1 0 0 0 0 1 1
