0 99 1 1 1 1 1 1 1 1 0 0 0 0 1 1
100 199 1 1 1 1 1 1 1 1 0 0 0 0 1 1
200 299 1 1 1 1 1 1 1 1 0 0 0 0 1 1
300 399 1 1 1 1 1 1 0 1 0 0 0 0 1 1
400 499 1 1 1 1 1 1 0 1 0 0 0 0 1 1
500 599 1 1 1 1 1 1 0 1 0 0 0 0 1 1
600 699 1 1 1 1 1 1 0 1 0 0 0 0 1 1
700 799 1 1 1 1 1 1 0 1 0 0 0 0 1 1
800 899 1 1 1 1 1 1 0 1 0 0 0 0 1 1
900 999 1 1 1 1 1 1 0 1 0 0 0 0 1 1
1000 1099 1 1 1 1 1 1 0 0 0 0 0 0 1 1
1100 1199 1 1 1 1 1 1 0 0 0 0 0 0 1 1
1200 1299 1 1 1 1 1 1 0 0 0 0 0 0 1 1
1300 1399 1 1 1 1 1 1 0 0 0 0 0 0 1 1
1400 1499 1 1 1 1 1 1 0 0 0 0 0 0 1 1
1500 1599 1 1 1 1 1 1 0 0 0 0 0 0 1 1
1600 1699 1 1 1 1 1 1 0 0 0 0 0 0 1 1
1700 1799 1 1 1 1 1 1 0 0 0 0 0 0 1 1
1800 1899 1 1 1 1 1 1 0 1 0 0 0 0 1 1
1900 1999 1 1 1 1 1 1 0 1 0 0 0 0 1 1
2000 2099 1 1 1 1 1 1 0 1 0 0 0 0 1 1
2100 2199 1 1 1 1 1 1 0 1 0 0 0 0 1 1
2200 2299 1 1 1 1 1 1 0 1 0 0 0 0 1 1
2300 2399 1 1 1 1 1 1 0 1 0 0 0 0 1 1
2400 2499 1 1 1 1 1 1 0 1 0 0 0 0 1 1
2500 2599 0 1 1 1 1 1 0 1 0 0 0 0 1 1
2600 2699 0 1 1 1 1 1 0 1 0 0 0 0 1 1
2700 2799 0 1 1 1 1 1 0 1 0 0 0 0 1 1
2800 2899 0 1 1 1 1 1 0 1 0 0 0 0 1 1
2900 2999 0 1 1 1 1 1 0 1 0 0 0 0 1 1
3000 3099 0 1 1 1 1 1 0 1 0 0 0 0 1 1
3100 3199 0 1 1 1 1 1 0 1 0 0 0 0 1 1
3200 3299 0 1 1 1 1 1 0 1 0 0 0 0 1 1
3300 3399 1 1 1 1 1 1 0 1 0 0 0 0 1 1
3400 3499 1 1 1 1 1 1 0 1 0 0 0 0 1 1
3500 3599 1 1 1 1 1 1 0 1 0 0 0 0 1 1
3600 3699 1 1 1 1 1 1 0 1 0 0 0 0 1 1
3700 3799 1 1 1 1 1 1 0 1 0 0 0 0 1 1
3800 3899 1 1 1 1 1 1 0 1 0 0 0 0 1 1
3900 3999 1 1 1 1 1 1 0 1 0 0 0 0 1 1
4000 4099 1 1 1 1 1 1 0 1 0 0 0 0 1 1
4100 4199 1 1 1 1 1 1 0 1 0 0 0 0 1 1
4200 4299 1 1 1 1 1 1 0 0 0 0 0 0 1 1
4300 4399 1 1 1 1 1 1 0 0 0 0 0 0 1 1
4400 4499 0 1 1 1 1 1 0 0 0 0 0 0 1 1
4500 4599 0 1 1 1 1 1 0 0 0 0 0 0 1 1
4600 4699 0 1 1 1 1 1 0 0 0 0 0 0 1 1
4700 4799 0 1 1 1 1 1 0 0 0 0 0 0 1 1
4800 4899 0 1 1 1 1 1 0 0 0 0 0 0 1 1
4900 4999 0 1 1 1 1 1 0 0 0 0 0 0 1 1
5000 5099 0 1 1 1 1 1 0 0 0 0 0 0 1 1
5100 5199 0 1 1 1 1 1 0 0 0 0 0 0 1 1
5200 5299 1 1 1 1 1 1 1 1 0 0 0 0 1 1
5300 5399 1 1 1 1 1 1 1 1 0 0 0 0 1 1
5400 5499 1 1 1 1 1 1 1 1 0 0 0 0 1 1
5500 5599 1 1 1 1 1 1 1 1 0 0 0 0 1 1
5600 5699 1 1 1 1 1 1 1 1 0 0 0 0 1 1
5700 5799 1 1 1 1 1 1 1 1 0 0 0 0 1 1
5800 5899 1 1 1 1 1 1 1 1 0 0 0 0 1 1
5900 5999 1 1 1 1 1 1 1 1 0 0 0 0 1 1
6000 6099 1 1 1 1 1 1 1 1 0 0 0 0 1 1
6100 6199 1 1 1 1 1 1 1 1 0 0 0 0 1 1
6200 6299 1 1 1 1 1 1 1 1 0 0 0 0 1 1
6300 6399 1 1 1 1 1 1 1 1 0 0 0 0 1 1
6400 6499 1 1 1 1 1 1 0 0 0 0 0 0 1 1
6500 6599 1 1 1 1 1 1 0 0 0 0 0 0 1 1
6600 6699 0 1 1 1 1 1 0 0 0 0 0 0 1 1
6700 6799 0 1 1 1 1 1 0 0 0 0 0 0 1 1
6800 6899 0 1 1 1 1 1 0 0 0 0 0 0 1 1
6900 6999 0 1 1 1 1 1 0 0 0 0 0 0 1 1
7000 7099 0 1 1 1 1 1 0 0 0 0 0 0 1 1
7100 7199 0 1 1 1 1 1 0 0 0 0 0 0 1 1
7200 7299 0 1 1 1 1 1 1 0 0 0 0 0 1 1
7300 7399 0 1 1 1 1 1 0 0 0 0 0 0 1 1
7400 7499 1 1 1 1 1 1 0 0 0 0 0 0 1 1
7500 7599 0 1 1 1 1 1 0 0 0 0 0 0 1 1
7600 7699 0 1 1 1 1 1 0 0 0 0 0 0 1 1
7700 7799 0 1 1 1 1 1 0 0 0 0 0 0 1 1
7800 7899 0 1 1 1 1 1 0 0 0 0 0 0 1 1
7900 7999 0 1 1 1 1 1 0 0 0 0 0 0 1 1
8000 8099 0 1 1 1 1 1 0 0 0 0 0 0 1 1
8100 8199 0 1 1 1 1 1 0 0 0 0 0 0 1 1
8200 8299 0 1 1 1 1 1 0 0 0 0 0 0 1 1
8300 8399 1 1 1 1 1 1 0 0 0 0 0 0 1 1
8400 8499 1 1 1 1 1 1 0 0 0 0 0 0 1 1
8500 8599 0 1 1 1 1 1 0 0 0 0 0 0 1 1
8600 8699 0 1 1 1 1 1 0 1 0 0 0 0 1 1
8700 8799 0 1 1 1 1 1 0 1 0 0 0 0 1 1
8800 8899 0 1 1 1 1 1 0 1 0 0 0 0 1 1
8900 8999 0 1 1 1 1 1 0 1 0 0 0 0 1 1
9000 9099 0 1 1 1 1 1 0 1 0 0 0 0 1 1
9100 9199 0 1 1 1 1 1 0 1 0 0 0 0 1 1
9200 9299 0 1 1 1 1 1 0 1 0 0 0 0 1 1
9300 9399 1 1 1 1 1 1 1 1 0 0 0 0 1 1
9400 9499 1 1 1 1 1 1 1 1 0 0 0 0 1 1
9500 9599 1 1 1 1 1 1 1 1 0 0 0 0 1 1
9600 9699 1 1 1 1 1 1 1 1 0 0 0 0 1 1
9700 9799 1 1 1 1 1 1 1 1 0 0 0 0 1 1
9800 9899 1 1 1 1 1 1 0 1 0 0 0 0 1 1
9900 9999 1 1 1 1 1 1 0 1 0 0 0 0 1 1
10000 10099 1 1 1 1 1 1 0 1 0 0 0 0 1 1
10100 10199 1 1 1 1 1 1 0 1 0 0 0 0 1 1
10200 10299 1 1 1 1 1 1 0 1 0 0 0 0 1 1
10300 10399 1 1 1 1 1 1 0 0 0 0 0 0 1 1
10400 10499 1 1 1 1 1 1 0 0 0 0 0 0 1 1
10500 10599 1 1 1 1 1 1 0 0 0 0 0 0 1 1
10600 10699 1 1 1 1 1 1 0 0 0 0 0 0 1 1
10700 10799 1 1 1 1 1 1 0 0 0 0 0 0 1 1
10800 10899 1 1 1 1 1 1 0 0 0 0 0 0 1 1
10900 10999 1 1 1 1 1 1 0 0 0 0 0 0 1 1
11000 11099 1 1 1 1 1 1 0 0 0 0 0 0 1 1
11100 11199 1 1 1 1 1 1 0 1 0 0 0 0 1 1
11200 11299 1 1 1 1 1 1 0 1 0 0 0 0 1 1
11300 11399 1 1 1 1 1 1 1 1 0 0 0 0 1 1
11400 11499 1 1 1 1 1 1 1 1 0 0 0 0 1 1
11500 11599 1 1 1 1 1 1 1 1 0 0 0 0 1 1
11600 11699 1 1 1 1 1 1 0 1 0 0 0 0 1 1
11700 11799 1 1 1 1 1 1 0 1 0 0 0 0 1 1
11800 11899 1 1 1 1 1 1 0 1 0 0 0 0 1 1
11900 11999 1 1 1 1 1 1 0 1 0 0 0 0 1 1
12000 12099 1 1 1 1 1 1 0 1 0 0 0 0 1 1
12100 12199 1 1 1 1 1 1 0 1 0 0 0 0 1 1
12200 12299 1 1 1 1 1 1 0 1 0 0 0 0 1 1
12300 12399 1 1 1 1 1 1 0 1 0 0 0 0 1 1
12400 12499 0 1 1 1 1 1 0 1 0 0 0 0 1 1
12500 12599 0 1 1 1 1 1 0 1 0 0 0 0 1 1
12600 12699 0 1 1 1 1 1 0 1 0 0 0 0 1 1
12700 12799 0 1 1 1 1 1 0 1 0 0 0 0 1 1
12800 12899 0 1 1 1 1 1 0 1 0 0 0 0 1 1
12900 12999 0 1 1 1 1 1 0 1 0 0 0 0 1 1
13000 13099 0 1 1 1 1 1 0 1 0 0 0 0 1 1
13100 13199 0 1 1 1 1 1 0 1 0 0 0 0 1 1
13200 13299 0 1 1 1 1 1 0 1 0 0 0 0 1 1
13300 13399 0 1 1 1 1 1 0 1 0 0 0 0 1 1
13400 13499 0 1 1 1 1 1 0 1 0 0 0 0 1 1
13500 13599 0 1 1 1 1 1 0 1 0 0 0 0 1 1
13600 13699 0 1 1 1 1 1 0 0 0 0 0 0 1 1
13700 13799 1 1 1 1 1 1 0 0 0 0 0 0 1 1
13800 13899 1 1 1 1 1 1 0 0 0 0 0 0 1 1
13900 13999 1 1 1 1 1 1 0 0 0 0 0 0 1 1
14000 14099 1 1 1 1 1 1 0 0 0 0 0 0 1 1
14100 14199 1 1 1 1 1 1 0 0 0 0 0 0 1 1
14200 14299 1 1 1 1 1 1 0 0 0 0 0 0 1 1
14300 14399 1 1 1 1 1 1 0 0 0 0 0 0 1 1
14400 14499 1 1 1 1 1 1 1 1 0 0 0 0 1 1
14500 14599 1 1 1 1 1 1 1 1 0 0 0 0 1 1
14600 14699 1 1 1 1 1 1 1 1 0 0 0 0 1 1
14700 14799 1 1 1 1 1 1 1 1 0 0 0 0 1 1
14800 14899 1 1 1 1 1 1 1 1 0 0 0 0 1 1
14900 14999 1 1 1 1 1 1 0 0 0 0 0 0 1 1
15000 15099 1 1 1 1 1 1 0 0 0 0 0 0 1 1
15100 15199 0 1 1 1 1 1 0 0 0 0 0 0 1 1
15200 15299 0 1 1 1 1 1 0 0 0 0 0 0 1 1
15300 15399 0 1 1 1 1 1 0 0 0 0 0 0 1 1
15400 15499 0 1 1 1 1 1 0 0 0 0 0 0 1 1
15500 15599 0 1 1 1 1 1 0 0 0 0 0 0 1 1
15600 15699 0 1 1 1 1 1 0 0 0 0 0 0 1 1
15700 15799 0 1 1 1 1 1 0 1 0 0 0 0 1 1
15800 15899 0 1 1 1 1 1 0 1 0 0 0 0 1 1
15900 15999 1 1 1 1 1 1 0 1 0 0 0 0 1 1
16000 16099 1 1 1 1 1 1 0 1 0 0 0 0 1 1
16100 16199 1 1 1 1 1 1 0 1 0 0 0 0 1 1
16200 16299 1 1 1 1 1 1 0 1 0 0 0 0 1 1
16300 16399 1 1 1 1 1 1 0 1 0 0 0 0 1 1
16400 16499 0 1 1 1 1 1 0 0 0 0 0 0 1 1
16500 16599 0 1 1 1 1 1 1 0 0 0 0 0 1 1
16600 16699 0 1 1 1 1 1 1 0 0 0 0 0 1 1
16700 16799 0 1 1 1 1 1 0 0 0 0 0 0 1 1
16800 16899 0 1 1 1 1 1 0 0 0 0 0 0 1 1
16900 16999 0 1 1 1 1 1 0 0 0 0 0 0 1 1
17000 17099 0 1 1 1 1 1 0 0 0 0 0 0 1 1
17100 17199 0 1 1 1 1 1 0 0 0 0 0 0 1 1
17200 17299 1 1 1 1 1 1 0 0 0 0 0 0 1 1
17300 17399 1 1 1 1 1 1 0 0 0 0 0 0 1 1
17400 17499 1 1 1 1 1 1 0 0 0 0 0 0 1 1
17500 17599 1 1 1 1 1 1 0 0 0 0 0 0 1 1
17600 17699 1 1 1 1 1 1 0 1 0 0 0 0 1 1
17700 17799 1 1 1 1 1 1 0 1 0 0 0 0 1 1
17800 17899 1 1 1 1 1 1 0 1 0 0 0 0 1 1
17900 17999 1 1 1 1 1 1 0 1 0 0 0 0 1 1
18000 18099 1 1 1 1 1 1 0 1 0 0 0 0 1 1
18100 18199 1 1 1 1 1 1 0 1 0 0 0 0 1 1
18200 18299 1 1 1 1 1 1 0 1 0 0 0 0 1 1
18300 18399 0 1 1 1 1 1 0 1 0 0 0 0 1 1
18400 18499 0 1 1 1 1 1 0 1 0 0 0 0 1 1
18500 18599 0 1 1 1 1 1 0 1 0 0 0 0 1 1
18600 18699 0 1 1 1 1 1 0 1 0 0 0 0 1 1
18700 18799 0 1 1 1 1 1 0 1 0 0 0 0 1 1
18800 18899 0 1 1 1 1 1 0 1 0 0 0 0 1 1
18900 18999 0 1 1 1 1 1 0 1 0 0 0 0 1 1
19000 19099 0 1 1 1 1 1 0 1 0 0 0 0 1 1
19100 19199 0 1 1 1 1 1 0 1 0 0 0 0 1 1
19200 19299 0 1 1 1 1 1 0 1 0 0 0 0 1 1
19300 19399 0 1 1 1 1 1 0 1 0 0 0 0 1 1
19400 19499 0 1 1 1 1 1 0 1 0 0 0 0 1 1
19500 19599 0 1 1 1 1 1 0 1 0 0 0 0 1 1
19600 19699 0 1 1 1 1 1 0 1 0 0 0 0 1 1
19700 19799 0 1 1 1 1 1 0 0 0 0 0 0 1 1
19800 19899 0 1 1 1 1 1 0 0 0 0 0 0 1 1
19900 19999 0 1 1 1 1 1 0 0 0 0 0 0 1 1
20000 20099 0 1 1 1 1 1 0 0 0 0 0 0 1 1
20100 20199 0 1 1 1 1 1 0 0 0 0 0 0 1 1
20200 20299 1 1 1 1 1 1 0 0 0 0 0 0 1 1
20300 20399 1 1 1 1 1 1 0 0 0 0 0 0 1 1
20400 20499 0 1 1 1 1 1 0 0 0 0 0 0 1 1
20500 20599 0 1 1 1 1 1 0 0 0 0 0 0 1 1
20600 20699 0 1 1 1 1 1 0 0 0 0 0 0 1 1
20700 20799 0 1 1 1 1 1 0 0 0 0 0 0 1 1
20800 20899 0 1 1 1 1 1 0 0 0 0 0 0 1 1
20900 20999 0 1 1 1 1 1 1 1 0 0 0 0 1 1
21000 21099 0 1 1 1 1 1 1 1 0 0 0 0 1 1
21100 21199 0 1 1 1 1 1 1 1 0 0 0 0 1 1
21200 21299 1 1 1 1 1 1 1 1 0 0 0 0 1 1
21300 21399 1 1 1 1 1 1 0 1 0 0 0 0 1 1
21400 21499 1 1 1 1 1 1 0 1 0 0 0 0 1 1
21500 21599 1 1 1 1 1 1 0 1 0 0 0 0 1 1
21600 21699 1 1 1 1 1 1 0 1 0 0 0 0 1 1
21700 21799 1 1 1 1 1 1 0 1 0 0 0 0 1 1
21800 21899 1 1 1 1 1 1 0 1 0 0 0 0 1 1
21900 21999 1 1 1 1 1 1 0 1 0 0 0 0 1 1
22000 22099 1 1 1 1 1 1 0 1 0 0 0 0 1 1
22100 22199 1 1 1 1 1 1 1 1 0 0 0 0 1 1
22200 22299 1 1 1 1 1 1 1 1 0 0 0 0 1 1
22300 22399 1 1 1 1 1 1 1 1 0 0 0 0 1 1
22400 22499 1 1 1 1 1 1 1 1 0 0 0 0 1 1
22500 22599 1 1 1 1 1 1 1 1 0 0 0 0 1 1
22600 22699 1 1 1 1 1 1 1 1 0 0 0 0 1 1
22700 22799 1 1 1 1 1 1 0 1 0 0 0 0 1 1
22800 22899 1 1 1 1 1 1 0 1 0 0 0 0 1 1
22900 22999 1 1 1 1 1 1 0 1 0 0 0 0 1 1
23000 23099 1 1 1 1 1 1 0 1 0 0 0 0 1 1
23100 23199 0 1 1 1 1 1 0 1 0 0 0 0 1 1
23200 23299 0 1 1 1 1 1 0 1 0 0 0 0 1 1
23300 23399 0 1 1 1 1 1 0 1 0 0 0 0 1 1
23400 23499 0 1 1 1 1 1 0 1 0 0 0 0 1 1
23500 23599 0 1 1 1 1 1 0 1 0 0 0 0 1 1
23600 23699 0 1 1 1 1 1 0 1 0 0 0 0 1 1
23700 23799 0 1 1 1 1 1 0 0 0 0 0 0 1 1
23800 23899 0 1 1 1 1 1 0 0 0 0 0 0 1 1
23900 23999 1 1 1 1 1 1 0 0 0 0 0 0 1 1
24000 24099 1 1 1 1 1 1 0 0 0 0 0 0 1 1
24100 24199 1 1 1 1 1 1 0 0 0 0 0 0 1 1
24200 24299 1 1 1 1 1 1 0 0 0 0 0 0 1 1
24300 24399 1 1 1 1 1 1 0 0 0 0 0 0 1 1
24400 24499 1 1 1 1 1 1 0 0 0 0 0 0 1 1
24500 24599 1 1 1 1 1 1 0 0 0 0 0 0 1 1
24600 24699 1 1 1 1 1 1 0 0 0 0 0 0 1 1
24700 24799 1 1 1 1 1 1 0 0 0 0 0 0 1 1
24800 24899 1 1 1 1 1 1 0 0 0 0 0 0 1 1
24900 24999 1 1 1 1 1 1 0 1 0 0 0 0 1 1
25000 25099 1 1 1 1 1 1 1 1 0 0 0 0 1 1
25100 25199 1 1 1 1 1 1 1 1 0 0 0 0 1 1
25200 25299 1 1 1 1 1 1 1 1 0 0 0 0 1 1
25300 25399 1 1 1 1 1 1 0 1 0 0 0 0 1 1
25400 25499 1 1 1 1 1 1 0 1 0 0 0 0 1 1
25500 25599 1 1 1 1 1 1 0 1 0 0 0 0 1 1
25600 25699 1 1 1 1 1 1 0 1 0 0 0 0 1 1
25700 25799 1 1 1 1 1 1 0 1 0 0 0 0 1 1
25800 25899 1 1 1 1 1 1 0 1 0 0 0 0 1 1
25900 25999 1 1 1 1 1 1 0 1 0 0 0 0 1 1
26000 26099 1 1 1 1 1 1 0 1 0 0 0 0 1 1
26100 26199 1 1 1 1 1 1 1 1 0 0 0 0 1 1
26200 26299 1 1 1 1 1 1 1 1 0 0 0 0 1 1
26300 26399 1 1 1 1 1 1 1 1 0 0 0 0 1 1
26400 26499 1 1 1 1 1 1 1 1 0 0 0 0 1 1
26500 26599 1 1 1 1 1 1 1 0 0 0 0 0 1 1
26600 26699 1 1 1 1 1 1 1 0 0 0 0 0 1 1
26700 26799 1 1 1 1 1 1 1 0 0 0 0 0 1 1
26800 26899 1 1 1 1 1 1 1 0 0 0 0 0 1 1
26900 26999 1 1 1 1 1 1 1 0 0 0 0 0 1 1
27000 27099 1 1 1 1 1 1 1 0 0 0 0 0 1 1
27100 27199 1 1 1 1 1 1 0 0 0 0 0 0 1 1
27200 27299 1 1 1 1 1 1 0 0 0 0 0 0 1 1
27300 27399 1 1 1 1 1 1 0 0 0 0 0 0 1 1
27400 27499 1 1 1 1 1 1 0 0 0 0 0 0 1 1
27500 27599 1 1 1 1 1 1 0 0 0 0 0 0 1 1
27600 27699 1 1 1 1 1 1 0 0 0 0 0 0 1 1
27700 27799 1 1 1 1 1 1 0 0 0 0 0 0 1 1
27800 27899 1 1 1 1 1 1 0 0 0 0 0 0 1 1
27900 27999 1 1 1 1 1 1 0 0 0 0 0 0 1 1
28000 28099 1 1 1 1 1 1 0 0 0 0 0 0 1 1
28100 28199 1 1 1 1 1 1 0 0 0 0 0 0 1 1
28200 28299 1 1 1 1 1 1 0 0 0 0 0 0 1 1
28300 28399 1 1 1 1 1 1 0 0 0 0 0 0 1 1
28400 28499 1 1 1 1 1 1 0 0 0 0 0 0 1 1
28500 28599 1 1 1 1 1 1 1 0 0 0 0 0 1 1
28600 28699 1 1 1 1 1 1 1 1 0 0 0 0 1 1
28700 28799 1 1 1 1 1 1 1 1 0 0 0 0 1 1
28800 28899 1 1 1 1 1 1 1 1 0 0 0 0 1 1
28900 28999 0 1 1 1 1 1 0 1 0 0 0 0 1 1
29000 29099 0 1 1 1 1 1 0 1 0 0 0 0 1 1
29100 29199 0 1 1 1 1 1 0 1 0 0 0 0 1 1
29200 29299 0 1 1 1 1 1 0 1 0 0 0 0 1 1
29300 29399 0 1 1 1 1 1 0 1 0 0 0 0 1 1
29400 29499 0 1 1 1 1 1 0 1 0 0 0 0 1 1
29500 29599 0 1 1 1 1 1 0 1 0 0 0 0 1 1
29600 29699 0 1 1 1 1 1 0 1 0 0 0 0 1 1
29700 29799 1 1 1 1 1 1 0 1 0 0 0 0 1 1
29800 29899 1 1 1 1 1 1 0 1 0 0 0 0 1 1
29900 29999 1 1 1 1 1 1 0 1 0 0 0 0 1 1
30000 30099 1 1 1 1 1 1 0 1 0 0 0 0 1 1
30100 30199 1 1 1 1 1 1 0 1 0 0 0 0 1 1
30200 30299 1 1 1 1 1 1 0 1 0 0 0 0 1 1
30300 30399 1 1 1 1 1 1 0 1 0 0 0 0 1 1
30400 30499 1 1 1 1 1 1 0 1 0 0 0 0 1 1
30500 30599 1 1 1 1 1 1 0 1 0 0 0 0 1 1
30600 30699 1 1 1 1 1 1 0 1 0 0 0 0 1 1
30700 30799 0 1 1 1 1 1 0 1 0 0 0 0 1 1
30800 30899 0 1 1 1 1 1 0 1 0 0 0 0 1 1
30900 30999 0 1 1 1 1 1 1 1 0 0 0 0 1 1
31000 31099 0 1 1 1 1 1 1 1 0 0 0 0 1 1
31100 31199 0 1 1 1 1 1 0 0 0 0 0 0 1 1
31200 31299 0 1 1 1 1 1 0 0 0 0 0 0 1 1
31300 31399 0 1 1 1 1 1 0 0 0 0 0 0 1 1
31400 31499 0 1 1 1 1 1 0 0 0 0 0 0 1 1
31500 31599 0 1 1 1 1 1 0 0 0 0 0 0 1 1
31600 31699 0 1 1 1 1 1 0 0 0 0 0 0 1 1
31700 31799 0 1 1 1 1 1 0 0 0 0 0 0 1 1
31800 31899 0 1 1 1 1 1 0 0 0 0 0 0 1 1
31900 31999 0 1 1 1 1 1 1 0 0 0 0 0 1 1
32000 32099 1 1 1 1 1 1 1 0 0 0 0 0 1 1
32100 32199 1 1 1 1 1 1 1 0 0 0 0 0 1 1
32200 32299 1 1 1 1 1 1 1 0 0 0 0 0 1 1
32300 32399 1 1 1 1 1 1 1 0 0 0 0 0 1 1
32400 32499 1 1 1 1 1 1 1 0 0 0 0 0 1 1
32500 32599 1 1 1 1 1 1 1 0 0 0 0 0 1 1
32600 32699 1 1 1 1 1 1 0 1 0 0 0 0 1 1
32700 32799 1 1 1 1 1 1 0 0 0 0 0 0 1 1
32800 32899 1 1 1 1 1 1 0 0 0 0 0 0 1 1
32900 32999 0 1 1 1 1 1 0 0 0 0 0 0 1 1
33000 33099 0 1 1 1 1 1 0 0 0 0 0 0 1 1
33100 33199 0 1 1 1 1 1 0 0 0 0 0 0 1 1
33200 33299 0 1 1 1 1 1 0 0 0 0 0 0 1 1
33300 33399 0 1 1 1 1 1 0 0 0 0 0 0 1 1
33400 33499 0 1 1 1 1 1 0 0 0 0 0 0 1 1
33500 33599 0 1 1 1 1 1 0 0 0 0 0 0 1 1
33600 33699 0 1 1 1 1 1 0 0 0 0 0 0 1 1
33700 33799 0 1 1 1 1 1 0 0 0 0 0 0 1 1
33800 33899 0 1 1 1 1 1 0 0 0 0 0 0 1 1
33900 33999 0 1 1 1 1 1 0 1 0 0 0 0 1 1
34000 34099 1 1 1 1 1 1 0 1 0 0 0 0 1 1
34100 34199 1 1 1 1 1 1 0 1 0 0 0 0 1 1
34200 34299 1 1 1 1 1 1 0 1 0 0 0 0 1 1
34300 34399 1 1 1 1 1 1 1 1 0 0 0 0 1 1
34400 34499 1 1 1 1 1 1 1 1 0 0 0 0 1 1
34500 34599 1 1 1 1 1 1 0 1 0 0 0 0 1 1
34600 34699 1 1 1 1 1 1 0 1 0 0 0 0 1 1
34700 34799 1 1 1 1 1 1 0 1 0 0 0 0 1 1
34800 34899 1 1 1 1 1 1 0 0 0 0 0 0 1 1
34900 34999 1 1 1 1 1 1 0 0 0 0 0 0 1 1
35000 35099 1 1 1 1 1 1 0 0 0 0 0 0 1 1
35100 35199 1 1 1 1 1 1 0 0 0 0 0 0 1 1
35200 35299 1 1 1 1 1 1 0 0 0 0 0 0 1 1
35300 35399 1 1 1 1 1 1 0 0 0 0 0 0 1 1
35400 35499 1 1 1 1 1 1 0 0 0 0 0 0 1 1
35500 35599 1 1 1 1 1 1 0 0 0 0 0 0 1 1
35600 35699 1 1 1 1 1 1 0 0 0 0 0 0 1 1
35700 35799 1 1 1 1 1 1 0 1 0 0 0 0 1 1
35800 35899 1 1 1 1 1 1 0 1 0 0 0 0 1 1
35900 35999 1 1 1 1 1 1 0 0 0 0 0 0 1 1
36000 36099 1 1 1 1 1 1 0 0 0 0 0 0 1 1
36100 36199 1 1 1 1 1 1 0 0 0 0 0 0 1 1
36200 36299 1 1 1 1 1 1 0 0 0 0 0 0 1 1
36300 36399 0 1 1 1 1 1 0 0 0 0 0 0 1 1
36400 36499 0 1 1 1 1 1 0 0 0 0 0 0 1 1
36500 36599 0 1 1 1 1 1 0 0 0 0 0 0 1 1
36600 36699 0 1 1 1 1 1 1 0 0 0 0 0 1 1
36700 36799 0 1 1 1 1 1 1 1 0 0 0 0 1 1
36800 36899 0 1 1 1 1 1 0 1 0 0 0 0 1 1
36900 36999 0 1 1 1 1 1 0 1 0 0 0 0 1 1
37000 37099 0 1 1 1 1 1 0 1 0 0 0 0 1 1
37100 37199 0 1 1 1 1 1 0 1 0 0 0 0 1 1
37200 37299 0 1 1 1 1 1 0 1 0 0 0 0 1 1
37300 37399 0 1 1 1 1 1 0 1 0 0 0 0 1 1
37400 37499 0 1 1 1 1 1 0 1 0 0 0 0 1 1
37500 37599 0 1 1 1 1 1 0 0 0 0 0 0 1 1
37600 37699 1 1 1 1 1 1 0 0 0 0 0 0 1 1
37700 37799 0 1 1 1 1 1 0 0 0 0 0 0 1 1
37800 37899 0 1 1 1 1 1 0 0 0 0 0 0 1 1
37900 37999 0 1 1 1 1 1 0 0 0 0 0 0 1 1
38000 38099 0 1 1 1 1 1 0 0 0 0 0 0 1 1
38100 38199 0 1 1 1 1 1 0 0 0 0 0 0 1 1
38200 38299 0 1 1 1 1 1 0 0 0 0 0 0 1 1
38300 38399 0 1 1 1 1 1 0 1 0 0 0 0 1 1
38400 38499 0 1 1 1 1 1 0 0 0 0 0 0 1 1
38500 38599 0 1 1 1 1 1 0 0 0 0 0 0 1 1
38600 38699 0 1 1 1 1 1 0 0 0 0 0 0 1 1
38700 38799 0 1 1 1 1 1 0 0 0 0 0 0 1 1
38800 38899 0 1 1 1 1 1 0 0 0 0 0 0 1 1
38900 38999 0 1 1 1 1 1 0 0 0 0 0 0 1 1
39000 39099 0 1 1 1 1 1 0 0 0 0 0 0 1 1
39100 39199 0 1 1 1 1 1 0 0 0 0 0 0 1 1
39200 39299 0 1 1 1 1 1 0 1 0 0 0 0 1 1
39300 39399 0 1 1 1 1 1 0 1 0 0 0 0 1 1
39400 39499 0 1 1 1 1 1 0 0 0 0 0 0 1 1
39500 39599 0 1 1 1 1 1 0 0 0 0 0 0 1 1
39600 39699 1 1 1 1 1 1 0 0 0 0 0 0 1 1
39700 39799 1 1 1 1 1 1 0 0 0 0 0 0 1 1
39800 39899 1 1 1 1 1 1 0 0 0 0 0 0 1 1
39900 39999 0 1 1 1 1 1 0 0 0 0 0 0 1 1
40000 40099 0 1 1 1 1 1 0 0 0 0 0 0 1 1
40100 40199 0 1 1 1 1 1 0 0 0 0 0 0 1 1
40200 40299 0 1 1 1 1 1 0 0 0 0 0 0 1 1
40300 40399 0 1 1 1 1 1 0 0 0 0 0 0 1 1
40400 40499 0 1 1 1 1 1 0 0 0 0 0 0 1 1
40500 40599 0 1 1 1 1 1 0 0 0 0 0 0 1 1
40600 40699 0 1 1 1 1 1 0 0 0 0 0 0 1 1
40700 40799 0 1 1 1 1 1 0 0 0 0 0 0 1 1
40800 40899 0 1 1 1 1 1 0 0 0 0 0 0 1 1
40900 40999 0 1 1 1 1 1 0 0 0 0 0 0 1 1
41000 41099 0 1 1 1 1 1 1 1 0 0 0 0 1 1
41100 41199 0 1 1 1 1 1 1 1 0 0 0 0 1 1
41200 41299 0 1 1 1 1 1 1 1 0 0 0 0 1 1
41300 41399 0 1 1 1 1 1 1 1 0 0 0 0 1 1
41400 41499 0 1 1 1 1 1 0 1 0 0 0 0 1 1
41500 41599 0 1 1 1 1 1 0 1 0 0 0 0 1 1
41600 41699 0 1 1 1 1 1 0 1 0 0 0 0 1 1
41700 41799 0 1 1 1 1 1 0 1 0 0 0 0 1 1
41800 41899 0 1 1 1 1 1 0 1 0 0 0 0 1 1
41900 41999 0 1 1 1 1 1 0 1 0 0 0 0 1 1
42000 42099 0 1 1 1 1 1 0 1 0 0 0 0 1 1
42100 42199 0 1 1 1 1 1 0 1 0 0 0 0 1 1
42200 42299 0 1 1 1 1 1 0 1 0 0 0 0 1 1
42300 42399 0 1 1 1 1 1 0 1 0 0 0 0 1 1
42400 42499 0 1 1 1 1 1 0 1 0 0 0 0 1 1
42500 42599 0 1 1 1 1 1 0 1 0 0 0 0 1 1
42600 42699 0 1 1 1 1 1 0 1 0 0 0 0 1 1
42700 42799 0 1 1 1 1 1 0 1 0 0 0 0 1 1
42800 42899 0 1 1 1 1 1 0 1 0 0 0 0 1 1
42900 42999 0 1 1 1 1 1 0 1 0 0 0 0 1 1
43000 43099 0 1 1 1 1 1 0 1 0 0 0 0 1 1
43100 43199 0 1 1 1 1 1 0 1 0 0 0 0 1 1
43200 43299 0 1 1 1 1 1 0 1 0 0 0 0 1 1
43300 43399 0 1 1 1 1 1 0 1 0 0 0 0 1 1
43400 43499 0 1 1 1 1 1 0 0 0 0 0 0 1 1
43500 43599 0 1 1 1 1 1 0 0 0 0 0 0 1 1
43600 43699 0 1 1 1 1 1 0 0 0 0 0 0 1 1
43700 43799 0 1 1 1 1 1 0 0 0 0 0 0 1 1
43800 43899 0 1 1 1 1 1 0 0 0 0 0 0 1 1
43900 43999 0 1 1 1 1 1 0 0 0 0 0 0 1 1
44000 44099 0 1 1 1 1 1 0 0 0 0 0 0 1 1
44100 44199 1 1 1 1 1 1 0 0 0 0 0 0 1 1
44200 44299 1 1 1 1 1 1 0 0 0 0 0 0 1 1
44300 44399 1 1 1 1 1 1 0 0 0 0 0 0 1 1
44400 44499 1 1 1 1 1 1 0 0 0 0 0 0 1 1
44500 44599 1 1 1 1 1 1 0 0 0 0 0 0 1 1
44600 44699 1 1 1 1 1 1 0 0 0 0 0 0 1 1
44700 44799 1 1 1 1 1 1 0 0 0 0 0 0 1 1
44800 44899 1 1 1 1 1 1 0 0 0 0 0 0 1 1
44900 44999 1 1 1 1 1 1 0 0 0 0 0 0 1 1
45000 45099 1 1 1 1 1 1 0 0 0 0 0 0 1 1
45100 45199 1 1 1 1 1 1 0 0 0 0 0 0 1 1
45200 45299 1 1 1 1 1 1 0 0 0 0 0 0 1 1
45300 45399 0 1 1 1 1 1 0 0 0 0 0 0 1 1
45400 45499 0 1 1 1 1 1 0 0 0 0 0 0 1 1
45500 45599 0 1 1 1 1 1 0 0 0 0 0 0 1 1
45600 45699 0 1 1 1 1 1 0 1 0 0 0 0 1 1
45700 45799 0 1 1 1 1 1 0 1 0 0 0 0 1 1
45800 45899 0 1 1 1 1 1 1 1 0 0 0 0 1 1
45900 45999 0 1 1 1 1 1 1 1 0 0 0 0 1 1
46000 46099 0 1 1 1 1 1 1 1 0 0 0 0 1 1
46100 46199 0 1 1 1 1 1 1 1 0 0 0 0 1 1
46200 46299 0 1 1 1 1 1 1 1 0 0 0 0 1 1
46300 46399 1 1 1 1 1 1 1 1 0 0 0 0 1 1
46400 46499 1 1 1 1 1 1 1 1 0 0 0 0 1 1
46500 46599 1 1 1 1 1 1 1 1 0 0 0 0 1 1
46600 46699 1 1 1 1 1 1 1 1 0 0 0 0 1 1
46700 46799 1 1 1 1 1 1 1 1 0 0 0 0 1 1
46800 46899 1 1 1 1 1 1 1 1 0 0 0 0 1 1
46900 46999 1 1 1 1 1 1 1 1 0 0 0 0 1 1
47000 47099 1 1 1 1 1 1 1 1 0 0 0 0 1 1
47100 47199 1 1 1 1 1 1 1 1 0 0 0 0 1 1
47200 47299 1 1 1 1 1 1 1 0 0 0 0 0 1 1
47300 47399 1 1 1 1 1 1 1 0 0 0 0 0 1 1
47400 47499 1 1 1 1 1 1 1 0 0 0 0 0 1 1
47500 47599 1 1 1 1 1 1 1 0 0 0 0 0 1 1
47600 47699 1 1 1 1 1 1 1 0 0 0 0 0 1 1
47700 47799 1 1 1 1 1 1 1 0 0 0 0 0 1 1
47800 47899 1 1 1 1 1 1 1 0 0 0 0 0 1 1
47900 47999 1 1 1 1 1 1 1 0 0 0 0 0 1 1
48000 48099 1 1 1 1 1 1 1 0 0 0 0 0 1 1
48100 48199 1 1 1 1 1 1 1 0 0 0 0 0 1 1
48200 48299 1 1 1 1 1 1 1 0 0 0 0 0 1 1
48300 48399 1 1 1 1 1 1 1 0 0 0 0 0 1 1
48400 48499 1 1 1 1 1 1 1 1 0 0 0 0 1 1
48500 48599 1 1 1 1 1 1 1 1 0 0 0 0 1 1
48600 48699 1 1 1 1 1 1 1 1 0 0 0 0 1 1
48700 48799 1 1 1 1 1 1 1 0 0 0 0 0 1 1
48800 48899 1 1 1 1 1 1 0 0 0 0 0 0 1 1
48900 48999 1 1 1 1 1 1 0 0 0 0 0 0 1 1
49000 49099 1 1 1 1 1 1 0 0 0 0 0 0 1 1
49100 49199 1 1 1 1 1 1 0 0 0 0 0 0 1 1
49200 49299 1 1 1 1 1 1 0 0 0 0 0 0 1 1
49300 49399 1 1 1 1 1 1 0 0 0 0 0 0 1 1
49400 49499 1 1 1 1 1 1 0 0 0 0 0 0 1 1
49500 49599 1 1 1 1 1 1 0 0 0 0 0 0 1 1
49600 49699 1 1 1 1 1 1 0 0 0 0 0 0 1 1
49700 49799 1 1 1 1 1 1 0 0 0 0 0 0 1 1
49800 49899 1 1 1 1 1 1 0 0 0 0 0 0 1 1
49900 49999 1 1 1 1 1 1 0 0 0 0 0 0 1 1
50000 50099 1 1 1 1 1 1 0 0 0 0 0 0 1 1
50100 50199 0 1 1 1 1 1 0 0 0 0 0 0 1 1
50200 50299 0 1 1 1 1 1 0 0 0 0 0 0 1 1
50300 50399 0 1 1 1 1 1 0 0 0 0 0 0 1 1
50400 50499 0 1 1 1 1 1 0 0 0 0 0 0 1 1
50500 50599 0 1 1 1 1 1 0 0 0 0 0 0 1 1
50600 50699 0 1 1 1 1 1 0 0 0 0 0 0 1 1
50700 50799 0 1 1 1 1 1 0 0 0 0 0 0 1 1
50800 50899 0 1 1 1 1 1 0 0 0 0 0 0 1 1
50900 50999 0 1 1 1 1 1 0 0 0 0 0 0 1 1
51000 51099 0 1 1 1 1 1 0 0 0 0 0 0 1 1
51100 51199 0 1 1 1 1 1 0 0 0 0 0 0 1 1
51200 51299 1 1 1 1 1 1 1 1 0 0 0 0 1 1
51300 51399 1 1 1 1 1 1 0 1 0 0 0 0 1 1
51400 51499 1 1 1 1 1 1 0 1 0 0 0 0 1 1
51500 51599 1 1 1 1 1 1 0 0 0 0 0 0 1 1
51600 51699 1 1 1 1 1 1 0 0 0 0 0 0 1 1
51700 51799 1 1 1 1 1 1 0 0 0 0 0 0 1 1
51800 51899 1 1 1 1 1 1 0 0 0 0 0 0 1 1
51900 51999 1 1 1 1 1 1 0 0 0 0 0 0 1 1
52000 52099 1 1 1 1 1 1 0 0 0 0 0 0 1 1
52100 52199 0 1 1 1 1 1 0 0 0 0 0 0 1 1
52200 52299 0 1 1 1 1 1 1 0 0 0 0 0 1 1
52300 52399 0 1 1 1 1 1 1 1 0 0 0 0 1 1
52400 52499 0 1 1 1 1 1 1 1 0 0 0 0 1 1
52500 52599 0 1 1 1 1 1 1 1 0 0 0 0 1 1
52600 52699 0 1 1 1 1 1 1 1 0 0 0 0 1 1
52700 52799 0 1 1 1 1 1 1 1 0 0 0 0 1 1
52800 52899 0 1 1 1 1 1 1 1 0 0 0 0 1 1
52900 52999 0 1 1 1 1 1 1 1 0 0 0 0 1 1
53000 53099 0 1 1 1 1 1 1 1 0 0 0 0 1 1
53100 53199 0 1 1 1 1 1 1 1 0 0 0 0 1 1
53200 53299 0 1 1 1 1 1 1 1 0 0 0 0 1 1
53300 53399 0 1 1 1 1 1 1 1 0 0 0 0 1 1
53400 53499 0 1 1 1 1 1 1 1 0 0 0 0 1 1
53500 53599 0 1 1 1 1 1 0 0 0 0 0 0 1 1
53600 53699 1 1 1 1 1 1 0 0 0 0 0 0 1 1
53700 53799 1 1 1 1 1 1 0 0 0 0 0 0 1 1
53800 53899 1 1 1 1 1 1 0 0 0 0 0 0 1 1
53900 53999 1 1 1 1 1 1 0 0 0 0 0 0 1 1
54000 54099 1 1 1 1 1 1 0 0 0 0 0 0 1 1
54100 54199 1 1 1 1 1 1 0 0 0 0 0 0 1 1
54200 54299 1 1 1 1 1 1 0 0 0 0 0 0 1 1
54300 54399 0 1 1 1 1 1 0 0 0 0 0 0 1 1
54400 54499 0 1 1 1 1 1 1 1 0 0 0 0 1 1
54500 54599 0 1 1 1 1 1 1 1 0 0 0 0 1 1
54600 54699 0 1 1 1 1 1 1 1 0 0 0 0 1 1
54700 54799 0 1 1 1 1 1 0 1 0 0 0 0 1 1
54800 54899 0 1 1 1 1 1 0 1 0 0 0 0 1 1
54900 54999 0 1 1 1 1 1 0 0 0 0 0 0 1 1
55000 55099 0 1 1 1 1 1 0 0 0 0 0 0 1 1
55100 55199 1 1 1 1 1 1 0 0 0 0 0 0 1 1
55200 55299 1 1 1 1 1 1 0 0 0 0 0 0 1 1
55300 55399 1 1 1 1 1 1 0 0 0 0 0 0 1 1
55400 55499 1 1 1 1 1 1 0 0 0 0 0 0 1 1
55500 55599 1 1 1 1 1 1 0 0 0 0 0 0 1 1
55600 55699 1 1 1 1 1 1 0 0 0 0 0 0 1 1
55700 55799 1 1 1 1 1 1 1 1 0 0 0 0 1 1
55800 55899 1 1 1 1 1 1 0 1 0 0 0 0 1 1
55900 55999 1 1 1 1 1 1 0 1 0 0 0 0 1 1
56000 56099 1 1 1 1 1 1 0 1 0 0 0 0 1 1
56100 56199 1 1 1 1 1 1 0 1 0 0 0 0 1 1
56200 56299 1 1 1 1 1 1 0 1 0 0 0 0 1 1
56300 56399 1 1 1 1 1 1 0 1 0 0 0 0 1 1
56400 56499 1 1 1 1 1 1 0 1 0 0 0 0 1 1
56500 56599 1 1 1 1 1 1 0 1 0 0 0 0 1 1
56600 56699 1 1 1 1 1 1 0 1 0 0 0 0 1 1
56700 56799 1 1 1 1 1 1 0 0 0 0 0 0 1 1
56800 56899 1 1 1 1 1 1 0 0 0 0 0 0 1 1
56900 56999 1 1 1 1 1 1 0 0 0 0 0 0 1 1
57000 57099 1 1 1 1 1 1 0 0 0 0 0 0 1 1
57100 57199 1 1 1 1 1 1 0 0 0 0 0 0 1 1
57200 57299 1 1 1 1 1 1 0 0 0 0 0 0 1 1
57300 57399 1 1 1 1 1 1 0 0 0 0 0 0 1 1
57400 57499 1 1 1 1 1 1 0 0 0 0 0 0 1 1
57500 57599 0 1 1 1 1 1 0 1 0 0 0 0 1 1
57600 57699 0 1 1 1 1 1 0 1 0 0 0 0 1 1
57700 57799 0 1 1 1 1 1 0 1 0 0 0 0 1 1
57800 57899 0 1 1 1 1 1 0 1 0 0 0 0 1 1
57900 57999 0 1 1 1 1 1 0 1 0 0 0 0 1 1
58000 58099 0 1 1 1 1 1 0 1 0 0 0 0 1 1
58100 58199 0 1 1 1 1 1 0 1 0 0 0 0 1 1
58200 58299 0 1 1 1 1 1 0 0 0 0 0 0 1 1
58300 58399 0 1 1 1 1 1 0 0 0 0 0 0 1 1
58400 58499 0 1 1 1 1 1 0 0 0 0 0 0 1 1
58500 58599 0 1 1 1 1 1 0 0 0 0 0 0 1 1
58600 58699 0 1 1 1 1 1 0 0 0 0 0 0 1 1
58700 58799 0 1 1 1 1 1 0 0 0 0 0 0 1 1
58800 58899 0 1 1 1 1 1 0 0 0 0 0 0 1 1
58900 58999 0 1 1 1 1 1 0 0 0 0 0 0 1 1
59000 59099 1 1 1 1 1 1 0 1 0 0 0 0 1 1
59100 59199 1 1 1 1 1 1 1 1 0 0 0 0 1 1
59200 59299 1 1 1 1 1 1 1 1 0 0 0 0 1 1
59300 59399 0 1 1 1 1 1 1 1 0 0 0 0 1 1
59400 59499 0 1 1 1 1 1 1 1 0 0 0 0 1 1
59500 59599 0 1 1 1 1 1 1 1 0 0 0 0 1 1
59600 59699 0 1 1 1 1 1 1 1 0 0 0 0 1 1
59700 59799 0 1 1 1 1 1 1 1 0 0 0 0 1 1
59800 59899 0 1 1 1 1 1 1 1 0 0 0 0 1 1
59900 59999 0 1 1 1 1 1 1 1 0 0 0 0 1 1
60000 60099 0 1 1 1 1 1 0 1 0 0 0 0 1 1
60100 60199 1 1 1 1 1 1 0 1 0 0 0 0 1 1
60200 60299 1 1 1 1 1 1 0 1 0 0 0 0 1 1
60300 60399 1 1 1 1 1 1 0 1 0 0 0 0 1 1
60400 60499 1 1 1 1 1 1 0 0 0 0 0 0 1 1
60500 60599 1 1 1 1 1 1 0 0 0 0 0 0 1 1
60600 60699 1 1 1 1 1 1 0 0 0 0 0 0 1 1
60700 60799 1 1 1 1 1 1 0 0 0 0 0 0 1 1
60800 60899 1 1 1 1 1 1 0 0 0 0 0 0 1 1
60900 60999 0 1 1 1 1 1 0 0 0 0 0 0 1 1
61000 61099 0 1 1 1 1 1 0 0 0 0 0 0 1 1
61100 61199 0 1 1 1 1 1 0 0 0 0 0 0 1 1
61200 61299 0 1 1 1 1 1 1 1 0 0 0 0 1 1
61300 61399 0 1 1 1 1 1 1 1 0 0 0 0 1 1
61400 61499 0 1 1 1 1 1 0 1 0 0 0 0 1 1
61500 61599 0 1 1 1 1 1 0 1 0 0 0 0 1 1
61600 61699 0 1 1 1 1 1 0 1 0 0 0 0 1 1
61700 61799 1 1 1 1 1 1 0 1 0 0 0 0 1 1
61800 61899 0 1 1 1 1 1 0 1 0 0 0 0 1 1
61900 61999 0 1 1 1 1 1 0 1 0 0 0 0 1 1
62000 62099 0 1 1 1 1 1 0 1 0 0 0 0 1 1
62100 62199 0 1 1 1 1 1 0 1 0 0 0 0 1 1
62200 62299 0 1 1 1 1 1 0 1 0 0 0 0 1 1
62300 62399 0 1 1 1 1 1 0 1 0 0 0 0 1 1
62400 62499 0 1 1 1 1 1 0 1 0 0 0 0 1 1
62500 62599 0 1 1 1 1 1 0 1 0 0 0 0 1 1
62600 62699 1 1 1 1 1 1 0 1 0 0 0 0 1 1
62700 62799 1 1 1 1 1 1 0 1 0 0 0 0 1 1
62800 62899 1 1 1 1 1 1 1 1 0 0 0 0 1 1
62900 62999 1 1 1 1 1 1 1 1 0 0 0 0 1 1
63000 63099 1 1 1 1 1 1 1 1 0 0 0 0 1 1
63100 63199 1 1 1 1 1 1 1 1 0 0 0 0 1 1
63200 63299 1 1 1 1 1 1 1 1 0 0 0 0 1 1
63300 63399 1 1 1 1 1 1 1 1 0 0 0 0 1 1
63400 63499 1 1 1 1 1 1 1 1 0 0 0 0 1 1
63500 63599 0 1 1 1 1 1 1 1 0 0 0 0 1 1
63600 63699 0 1 1 1 1 1 0 1 0 0 0 0 1 1
63700 63799 0 1 1 1 1 1 0 1 0 0 0 0 1 1
63800 63899 0 1 1 1 1 1 0 1 0 0 0 0 1 1
63900 63999 0 1 1 1 1 1 0 1 0 0 0 0 1 1
64000 64099 0 1 1 1 1 1 0 1 0 0 0 0 1 1
64100 64199 0 1 1 1 1 1 0 1 0 0 0 0 1 1
64200 64299 0 1 1 1 1 1 0 1 0 0 0 0 1 1
64300 64399 0 1 1 1 1 1 0 1 0 0 0 0 1 1
64400 64499 0 1 1 1 1 1 0 1 0 0 0 0 1 1
64500 64599 1 1 1 1 1 1 0 1 0 0 0 0 1 1
64600 64699 1 1 1 1 1 1 0 1 0 0 0 0 1 1
64700 64799 1 1 1 1 1 1 0 1 0 0 0 0 1 1
64800 64899 1 1 1 1 1 1 1 1 0 0 0 0 1 1
64900 64999 1 1 1 1 1 1 1 1 0 0 0 0 1 1
65000 65099 1 1 1 1 1 1 1 1 0 0 0 0 1 1
65100 65199 1 1 1 1 1 1 0 0 0 0 0 0 1 1
65200 65299 1 1 1 1 1 1 0 0 0 0 0 0 1 1
65300 65399 1 1 1 1 1 1 0 0 0 0 0 0 1 1
65400 65499 1 1 1 1 1 1 0 0 0 0 0 0 1 1
65500 65599 1 1 1 1 1 1 0 0 0 0 0 0 1 1
65600 65699 0 1 1 1 1 1 0 0 0 0 0 0 1 1
65700 65799 0 1 1 1 1 1 0 0 0 0 0 0 1 1
65800 65899 0 1 1 1 1 1 0 0 0 0 0 0 1 1
65900 65999 0 1 1 1 1 1 1 0 0 0 0 0 1 1
66000 66099 0 1 1 1 1 1 1 0 0 0 0 0 1 1
66100 66199 0 1 1 1 1 1 1 0 0 0 0 0 1 1
66200 66299 0 1 1 1 1 1 1 0 0 0 0 0 1 1
66300 66399 0 1 1 1 1 1 1 0 0 0 0 0 1 1
66400 66499 0 1 1 1 1 1 1 1 0 0 0 0 1 1
66500 66599 0 1 1 1 1 1 0 1 0 0 0 0 1 1
66600 66699 0 1 1 1 1 1 0 1 0 0 0 0 1 1
66700 66799 1 1 1 1 1 1 0 1 0 0 0 0 1 1
66800 66899 1 1 1 1 1 1 0 1 0 0 0 0 1 1
66900 66999 1 1 1 1 1 1 0 1 0 0 0 0 1 1
67000 67099 1 1 1 1 1 1 0 1 0 0 0 0 1 1
67100 67199 1 1 1 1 1 1 0 1 0 0 0 0 1 1
67200 67299 1 1 1 1 1 1 0 1 0 0 0 0 1 1
67300 67399 1 1 1 1 1 1 1 1 0 0 0 0 1 1
67400 67499 1 1 1 1 1 1 0 1 0 0 0 0 1 1
67500 67599 1 1 1 1 1 1 0 1 0 0 0 0 1 1
67600 67699 1 1 1 1 1 1 0 1 0 0 0 0 1 1
67700 67799 1 1 1 1 1 1 0 1 0 0 0 0 1 1
67800 67899 1 1 1 1 1 1 0 1 0 0 0 0 1 1
67900 67999 1 1 1 1 1 1 0 1 0 0 0 0 1 1
68000 68099 0 1 1 1 1 1 0 1 0 0 0 0 1 1
68100 68199 0 1 1 1 1 1 0 1 0 0 0 0 1 1
68200 68299 0 1 1 1 1 1 0 1 0 0 0 0 1 1
68300 68399 0 1 1 1 1 1 0 1 0 0 0 0 1 1
68400 68499 0 1 1 1 1 1 0 1 0 0 0 0 1 1
68500 68599 0 1 1 1 1 1 0 1 0 0 0 0 1 1
68600 68699 0 1 1 1 1 1 0 1 0 0 0 0 1 1
68700 68799 0 1 1 1 1 1 0 1 0 0 0 0 1 1
68800 68899 0 1 1 1 1 1 1 1 0 0 0 0 1 1
68900 68999 0 1 1 1 1 1 1 1 0 0 0 0 1 1
69000 69099 0 1 1 1 1 1 1 1 0 0 0 0 1 1
69100 69199 0 1 1 1 1 1 1 1 0 0 0 0 1 1
69200 69299 0 1 1 1 1 1 1 1 0 0 0 0 1 1
69300 69399 0 1 1 1 1 1 1 1 0 0 0 0 1 1
69400 69499 0 1 1 1 1 1 1 1 0 0 0 0 1 1
69500 69599 0 1 1 1 1 1 0 0 0 0 0 0 1 1
69600 69699 0 1 1 1 1 1 0 0 0 0 0 0 1 1
69700 69799 0 1 1 1 1 1 0 0 0 0 0 0 1 1
69800 69899 0 1 1 1 1 1 0 0 0 0 0 0 1 1
69900 69999 0 1 1 1 1 1 0 0 0 0 0 0 1 1
70000 70099 0 1 1 1 1 1 0 0 0 0 0 0 1 1
70100 70199 0 1 1 1 1 1 0 0 0 0 0 0 1 1
70200 70299 0 1 1 1 1 1 0 0 0 0 0 0 1 1
70300 70399 0 1 1 1 1 1 0 0 0 0 0 0 1 1
70400 70499 0 1 1 1 1 1 0 1 0 0 0 0 1 1
70500 70599 0 1 1 1 1 1 0 1 0 0 0 0 1 1
70600 70699 0 1 1 1 1 1 0 1 0 0 0 0 1 1
70700 70799 0 1 1 1 1 1 0 1 0 0 0 0 1 1
70800 70899 1 1 1 1 1 1 1 1 0 0 0 0 1 1
70900 70999 1 1 1 1 1 1 1 1 0 0 0 0 1 1
71000 71099 1 1 1 1 1 1 1 1 0 0 0 0 1 1
71100 71199 1 1 1 1 1 1 1 1 0 0 0 0 1 1
71200 71299 1 1 1 1 1 1 1 1 0 0 0 0 1 1
71300 71399 1 1 1 1 1 1 0 1 0 0 0 0 1 1
71400 71499 0 1 1 1 1 1 0 1 0 0 0 0 1 1
71500 71599 0 1 1 1 1 1 0 1 0 0 0 0 1 1
71600 71699 0 1 1 1 1 1 0 1 0 0 0 0 1 1
71700 71799 0 1 1 1 1 1 0 1 0 0 0 0 1 1
71800 71899 0 1 1 1 1 1 0 1 0 0 0 0 1 1
71900 71999 0 1 1 1 1 1 0 1 0 0 0 0 1 1
72000 72099 0 1 1 1 1 1 0 1 0 0 0 0 1 1
72100 72199 0 1 1 1 1 1 0 1 0 0 0 0 1 1
72200 72299 0 1 1 1 1 1 0 1 0 0 0 0 1 1
72300 72399 0 1 1 1 1 1 0 1 0 0 0 0 1 1
72400 72499 0 1 1 1 1 1 0 1 0 0 0 0 1 1
72500 72599 0 1 1 1 1 1 0 1 0 0 0 0 1 1
72600 72699 0 1 1 1 1 1 0 1 0 0 0 0 1 1
72700 72799 0 1 1 1 1 1 0 1 0 0 0 0 1 1
72800 72899 0 1 1 1 1 1 0 0 0 0 0 0 1 1
72900 72999 0 1 1 1 1 1 0 0 0 0 0 0 1 1
73000 73099 1 1 1 1 1 1 0 0 0 0 0 0 1 1
73100 73199 1 1 1 1 1 1 0 0 0 0 0 0 1 1
73200 73299 1 1 1 1 1 1 1 0 0 0 0 0 1 1
73300 73399 1 1 1 1 1 1 1 0 0 0 0 0 1 1
73400 73499 1 1 1 1 1 1 1 0 0 0 0 0 1 1
73500 73599 1 1 1 1 1 1 1 0 0 0 0 0 1 1
73600 73699 1 1 1 1 1 1 1 0 0 0 0 0 1 1
73700 73799 1 1 1 1 1 1 1 0 0 0 0 0 1 1
73800 73899 1 1 1 1 1 1 1 1 0 0 0 0 1 1
73900 73999 1 1 1 1 1 1 0 1 0 0 0 0 1 1
74000 74099 1 1 1 1 1 1 0 1 0 0 0 0 1 1
74100 74199 1 1 1 1 1 1 0 1 0 0 0 0 1 1
74200 74299 1 1 1 1 1 1 0 1 0 0 0 0 1 1
74300 74399 1 1 1 1 1 1 0 1 0 0 0 0 1 1
74400 74499 1 1 1 1 1 1 0 1 0 0 0 0 1 1
74500 74599 1 1 1 1 1 1 0 1 0 0 0 0 1 1
74600 74699 1 1 1 1 1 1 0 1 0 0 0 0 1 1
74700 74799 1 1 1 1 1 1 1 1 0 0 0 0 1 1
74800 74899 0 1 1 1 1 1 1 1 0 0 0 0 1 1
74900 74999 0 1 1 1 1 1 1 1 0 0 0 0 1 1
75000 75099 0 1 1 1 1 1 1 1 0 0 0 0 1 1
75100 75199 0 1 1 1 1 1 1 1 0 0 0 0 1 1
75200 75299 0 1 1 1 1 1 1 1 0 0 0 0 1 1
75300 75399 0 1 1 1 1 1 0 0 0 0 0 0 1 1
75400 75499 0 1 1 1 1 1 0 0 0 0 0 0 1 1
75500 75599 0 1 1 1 1 1 0 0 0 0 0 0 1 1
75600 75699 1 1 1 1 1 1 0 0 0 0 0 0 1 1
75700 75799 1 1 1 1 1 1 0 0 0 0 0 0 1 1
75800 75899 1 1 1 1 1 1 0 0 0 0 0 0 1 1
75900 75999 1 1 1 1 1 1 0 0 0 0 0 0 1 1
76000 76099 1 1 1 1 1 1 0 0 0 0 0 0 1 1
76100 76199 1 1 1 1 1 1 0 1 0 0 0 0 1 1
76200 76299 1 1 1 1 1 1 0 1 0 0 0 0 1 1
76300 76399 1 1 1 1 1 1 0 1 0 0 0 0 1 1
76400 76499 1 1 1 1 1 1 0 0 0 0 0 0 1 1
76500 76599 1 1 1 1 1 1 0 0 0 0 0 0 1 1
76600 76699 1 1 1 1 1 1 0 0 0 0 0 0 1 1
76700 76799 1 1 1 1 1 1 0 0 0 0 0 0 1 1
76800 76899 1 1 1 1 1 1 0 0 0 0 0 0 1 1
76900 76999 1 1 1 1 1 1 0 0 0 0 0 0 1 1
77000 77099 1 1 1 1 1 1 0 0 0 0 0 0 1 1
77100 77199 1 1 1 1 1 1 0 0 0 0 0 0 1 1
77200 77299 1 1 1 1 1 1 0 1 0 0 0 0 1 1
77300 77399 1 1 1 1 1 1 0 1 0 0 0 0 1 1
77400 77499 1 1 1 1 1 1 0 1 0 0 0 0 1 1
77500 77599 1 1 1 1 1 1 0 1 0 0 0 0 1 1
77600 77699 0 1 1 1 1 1 0 1 0 0 0 0 1 1
77700 77799 0 1 1 1 1 1 0 1 0 0 0 0 1 1
77800 77899 0 1 1 1 1 1 0 1 0 0 0 0 1 1
77900 77999 0 1 1 1 1 1 0 1 0 0 0 0 1 1
78000 78099 0 1 1 1 1 1 0 1 0 0 0 0 1 1
78100 78199 0 1 1 1 1 1 0 1 0 0 0 0 1 1
78200 78299 0 1 1 1 1 1 0 1 0 0 0 0 1 1
78300 78399 0 1 1 1 1 1 0 1 0 0 0 0 1 1
78400 78499 0 1 1 1 1 1 0 1 0 0 0 0 1 1
78500 78599 0 1 1 1 1 1 0 1 0 0 0 0 1 1
78600 78699 0 1 1 1 1 1 0 1 0 0 0 0 1 1
78700 78799 0 1 1 1 1 1 0 1 0 0 0 0 1 1
78800 78899 0 1 1 1 1 1 0 1 0 0 0 0 1 1
78900 78999 0 1 1 1 1 1 0 0 0 0 0 0 1 1
79000 79099 0 1 1 1 1 1 0 0 0 0 0 0 1 1
79100 79199 0 1 1 1 1 1 0 0 0 0 0 0 1 1
79200 79299 0 1 1 1 1 1 0 0 0 0 0 0 1 1
79300 79399 0 1 1 1 1 1 0 0 0 0 0 0 1 1
79400 79499 0 1 1 1 1 1 0 0 0 0 0 0 1 1
79500 79599 1 1 1 1 1 1 0 0 0 0 0 0 1 1
79600 79699 1 1 1 1 1 1 0 0 0 0 0 0 1 1
79700 79799 1 1 1 1 1 1 0 0 0 0 0 0 1 1
79800 79899 1 1 1 1 1 1 0 0 0 0 0 0 1 1
79900 79999 1 1 1 1 1 1 0 0 0 0 0 0 1 1
80000 80099 1 1 1 1 1 1 0 0 0 0 0 0 1 1
80100 80199 1 1 1 1 1 1 0 0 0 0 0 0 1 1
80200 80299 1 1 1 1 1 1 0 0 0 0 0 0 1 1
80300 80399 0 1 1 1 1 1 0 0 0 0 0 0 1 1
80400 80499 0 1 1 1 1 1 0 0 0 0 0 0 1 1
80500 80599 0 1 1 1 1 1 0 0 0 0 0 0 1 1
80600 80699 0 1 1 1 1 1 0 0 0 0 0 0 1 1
80700 80799 0 1 1 1 1 1 0 0 0 0 0 0 1 1
80800 80899 0 1 1 1 1 1 0 0 0 0 0 0 1 1
80900 80999 0 1 1 1 1 1 0 0 0 0 0 0 1 1
81000 81099 0 1 1 1 1 1 0 0 0 0 0 0 1 1
81100 81199 1 1 1 1 1 1 0 0 0 0 0 0 1 1
81200 81299 1 1 1 1 1 1 0 0 0 0 0 0 1 1
81300 81399 1 1 1 1 1 1 0 0 0 0 0 0 1 1
81400 81499 1 1 1 1 1 1 1 1 0 0 0 0 1 1
81500 81599 1 1 1 1 1 1 0 1 0 0 0 0 1 1
81600 81699 1 1 1 1 1 1 0 1 0 0 0 0 1 1
81700 81799 1 1 1 1 1 1 0 1 0 0 0 0 1 1
81800 81899 1 1 1 1 1 1 0 1 0 0 0 0 1 1
81900 81999 1 1 1 1 1 1 0 1 0 0 0 0 1 1
82000 82099 1 1 1 1 1 1 0 1 0 0 0 0 1 1
82100 82199 1 1 1 1 1 1 0 1 0 0 0 0 1 1
82200 82299 1 1 1 1 1 1 0 1 0 0 0 0 1 1
82300 82399 1 1 1 1 1 1 0 1 0 0 0 0 1 1
82400 82499 1 1 1 1 1 1 0 1 0 0 0 0 1 1
82500 82599 1 1 1 1 1 1 0 1 0 0 0 0 1 1
82600 82699 1 1 1 1 1 1 0 1 0 0 0 0 1 1
82700 82799 1 1 1 1 1 1 0 1 0 0 0 0 1 1
82800 82899 1 1 1 1 1 1 0 1 0 0 0 0 1 1
82900 82999 1 1 1 1 1 1 0 1 0 0 0 0 1 1
83000 83099 1 1 1 1 1 1 0 1 0 0 0 0 1 1
83100 83199 1 1 1 1 1 1 0 1 0 0 0 0 1 1
83200 83299 1 1 1 1 1 1 0 1 0 0 0 0 1 1
83300 83399 1 1 1 1 1 1 0 1 0 0 0 0 1 1
83400 83499 1 1 1 1 1 1 1 0 0 0 0 0 1 1
83500 83599 1 1 1 1 1 1 0 0 0 0 0 0 1 1
83600 83699 1 1 1 1 1 1 0 0 0 0 0 0 1 1
83700 83799 1 1 1 1 1 1 0 0 0 0 0 0 1 1
83800 83899 0 1 1 1 1 1 0 0 0 0 0 0 1 1
83900 83999 0 1 1 1 1 1 0 0 0 0 0 0 1 1
84000 84099 0 1 1 1 1 1 0 0 0 0 0 0 1 1
84100 84199 0 1 1 1 1 1 0 0 0 0 0 0 1 1
84200 84299 0 1 1 1 1 1 0 1 0 0 0 0 1 1
84300 84399 0 1 1 1 1 1 0 1 0 0 0 0 1 1
84400 84499 0 1 1 1 1 1 0 0 0 0 0 0 1 1
84500 84599 0 1 1 1 1 1 0 0 0 0 0 0 1 1
84600 84699 0 1 1 1 1 1 0 0 0 0 0 0 1 1
84700 84799 0 1 1 1 1 1 0 0 0 0 0 0 1 1
84800 84899 0 1 1 1 1 1 0 0 0 0 0 0 1 1
84900 84999 0 1 1 1 1 1 0 0 0 0 0 0 1 1
85000 85099 0 1 1 1 1 1 0 0 0 0 0 0 1 1
85100 85199 0 1 1 1 1 1 0 0 0 0 0 0 1 1
85200 85299 1 1 1 1 1 1 0 0 0 0 0 0 1 1
85300 85399 1 1 1 1 1 1 0 0 0 0 0 0 1 1
85400 85499 1 1 1 1 1 1 0 0 0 0 0 0 1 1
85500 85599 1 1 1 1 1 1 0 0 0 0 0 0 1 1
85600 85699 1 1 1 1 1 1 0 1 0 0 0 0 1 1
85700 85799 1 1 1 1 1 1 0 1 0 0 0 0 1 1
85800 85899 1 1 1 1 1 1 0 1 0 0 0 0 1 1
85900 85999 1 1 1 1 1 1 0 1 0 0 0 0 1 1
86000 86099 1 1 1 1 1 1 0 1 0 0 0 0 1 1
86100 86199 1 1 1 1 1 1 0 1 0 0 0 0 1 1
86200 86299 1 1 1 1 1 1 0 0 0 0 0 0 1 1
86300 86399 1 1 1 1 1 1 0 0 0 0 0 0 1 1
86400 86499 1 1 1 1 1 1 0 0 0 0 0 0 1 1
86500 86599 1 1 1 1 1 1 0 0 0 0 0 0 1 1
86600 86699 1 1 1 1 1 1 0 0 0 0 0 0 1 1
