0 99 1 1 1 1 1 1 0 0 1 1 1 1 1 1
100 199 1 1 1 1 1 1 0 0 1 1 1 1 1 1
200 299 1 1 1 1 1 1 0 0 1 1 1 1 1 1
300 399 1 1 1 1 1 1 0 0 1 1 1 1 1 1
400 499 1 1 1 1 1 1 0 0 1 1 1 1 1 1
500 599 1 1 1 1 1 1 0 0 1 1 1 1 1 1
600 699 1 1 1 1 1 1 0 0 1 1 1 1 1 1
700 799 1 1 1 1 1 1 0 0 1 1 1 1 1 1
800 899 1 1 1 1 1 1 0 0 1 1 1 1 1 1
900 999 1 1 1 1 1 1 0 0 1 1 1 1 1 1
1000 1099 1 1 1 1 1 1 0 0 1 1 1 1 1 1
1100 1199 1 1 1 1 1 1 0 0 1 1 1 1 1 1
1200 1299 1 1 1 1 1 1 0 0 1 1 1 1 1 1
1300 1399 1 1 1 1 1 1 0 0 1 1 1 1 1 1
1400 1499 1 1 1 1 1 1 0 0 1 1 1 1 1 1
1500 1599 1 1 1 1 1 1 0 0 1 1 1 1 1 1
1600 1699 1 1 1 1 1 1 0 0 1 1 1 1 1 1
1700 1799 1 1 1 1 1 1 0 0 1 1 1 1 1 1
1800 1899 1 1 1 1 1 1 0 0 1 1 1 1 1 1
1900 1999 1 1 1 1 1 1 0 0 1 1 1 1 1 1
2000 2099 1 1 1 1 1 1 0 0 1 1 1 1 1 1
2100 2199 1 1 1 1 1 1 0 0 1 1 1 1 1 1
2200 2299 1 1 1 1 1 1 0 0 1 1 1 1 1 1
2300 2399 1 1 1 1 1 1 0 0 1 1 1 1 1 1
2400 2499 1 1 1 1 1 1 0 0 1 1 1 1 1 1
2500 2599 1 1 1 1 1 1 0 0 1 1 1 1 1 1
2600 2699 1 1 1 1 1 1 0 0 1 1 1 1 1 1
2700 2799 1 1 1 1 1 1 0 0 1 1 1 1 1 1
2800 2899 1 1 1 1 1 1 0 0 1 1 1 1 1 1
2900 2999 1 1 1 1 1 1 0 0 1 1 1 1 1 1
3000 3099 1 1 1 1 1 1 0 0 1 1 1 1 1 1
3100 3199 1 1 1 1 1 1 0 0 1 1 1 1 1 1
3200 3299 1 1 1 1 1 1 0 0 1 1 1 1 1 1
3300 3399 1 1 1 1 1 1 0 0 1 1 1 1 1 1
3400 3499 1 1 1 1 1 1 0 0 1 1 1 1 1 1
3500 3599 1 1 1 1 1 1 0 0 1 1 1 1 1 1
3600 3699 1 1 1 1 1 1 0 0 1 1 1 1 1 1
3700 3799 1 1 1 1 1 1 0 0 1 1 1 1 1 1
3800 3899 1 1 1 1 1 1 0 0 1 1 1 1 1 1
3900 3999 1 1 1 1 1 1 0 0 1 1 1 1 1 1
4000 4099 1 1 1 1 1 1 0 0 1 1 1 1 1 1
4100 4199 1 1 1 1 1 1 0 0 1 1 1 1 1 1
4200 4299 1 1 1 1 1 1 0 0 1 1 1 1 1 1
4300 4399 1 1 1 1 1 1 0 0 1 1 1 1 1 1
4400 4499 1 1 1 1 1 1 0 0 1 1 1 1 1 1
4500 4599 1 1 1 1 1 1 0 0 1 1 1 1 1 1
4600 4699 1 1 1 1 1 1 0 0 1 1 1 1 1 1
4700 4799 1 1 1 1 1 1 0 0 1 1 1 1 1 1
4800 4899 1 1 1 1 1 1 0 0 1 1 1 1 1 1
4900 4999 1 1 1 1 1 1 0 0 1 1 1 1 1 1
5000 5099 1 1 1 1 1 1 0 0 1 1 1 1 1 1
5100 5199 1 1 1 1 1 1 0 0 1 1 1 1 1 1
5200 5299 1 1 1 1 1 1 0 0 1 1 1 1 1 1
5300 5399 1 1 1 1 1 1 0 0 1 1 1 1 1 1
5400 5499 1 1 1 1 1 1 0 0 1 1 1 1 1 1
5500 5599 1 1 1 1 1 1 0 0 1 1 1 1 1 1
5600 5699 1 1 1 1 1 1 0 0 1 1 1 1 1 1
5700 5799 1 1 1 1 1 1 0 0 1 1 1 1 1 1
5800 5899 1 1 1 1 1 1 0 0 1 1 1 1 1 1
5900 5999 1 1 1 1 1 1 0 0 1 1 1 1 1 1
6000 6099 1 1 1 1 1 1 0 0 1 1 1 1 1 1
6100 6199 1 1 1 1 1 1 0 0 1 1 1 1 1 1
6200 6299 1 1 1 1 1 1 0 0 1 1 1 1 1 1
6300 6399 1 1 1 1 1 1 0 0 1 1 1 1 1 1
6400 6499 1 1 1 1 1 1 0 0 1 1 1 1 1 1
6500 6599 1 1 1 1 1 1 0 0 1 1 1 1 1 1
6600 6699 1 1 1 1 1 1 0 0 1 1 1 1 1 1
6700 6799 1 1 1 1 1 1 0 0 1 1 1 1 1 1
6800 6899 1 1 1 1 1 1 0 0 1 1 1 1 1 1
6900 6999 1 1 1 1 1 1 0 0 1 1 1 1 1 1
7000 7099 1 1 1 1 1 1 0 0 1 1 1 1 1 1
7100 7199 1 1 1 1 1 1 0 0 1 1 1 1 1 1
7200 7299 1 1 1 1 1 1 0 0 1 1 1 1 1 1
7300 7399 1 1 1 1 1 1 0 0 1 1 1 1 1 1
7400 7499 1 1 1 1 1 1 0 0 1 1 1 1 1 1
7500 7599 1 1 1 1 1 1 0 0 1 1 1 1 1 1
7600 7699 1 1 1 1 1 1 0 0 1 1 1 1 1 1
7700 7799 1 1 1 1 1 1 0 0 1 1 1 1 1 1
7800 7899 1 1 1 1 1 1 0 0 1 1 1 1 1 1
7900 7999 1 1 1 1 1 1 0 0 1 1 1 1 1 1
8000 8099 1 1 1 1 1 1 0 0 1 1 1 1 1 1
8100 8199 1 1 1 1 1 1 0 0 1 1 1 1 1 1
8200 8299 1 1 1 1 1 1 0 0 1 1 1 1 1 1
8300 8399 1 1 1 1 1 1 0 0 1 1 1 1 1 1
8400 8499 1 1 1 1 1 1 0 0 1 1 1 1 1 1
8500 8599 1 1 1 1 1 1 0 0 1 1 1 1 1 1
8600 8699 1 1 1 1 1 1 0 0 1 1 1 1 1 1
8700 8799 1 1 1 1 1 1 0 0 1 1 1 1 1 1
8800 8899 1 1 1 1 1 1 0 0 1 1 1 1 1 1
8900 8999 1 1 1 1 1 1 0 0 1 1 1 1 1 1
9000 9099 1 1 1 1 1 1 0 0 1 1 1 1 1 1
9100 9199 1 1 1 1 1 1 0 0 1 1 1 1 1 1
9200 9299 1 1 1 1 1 1 0 0 1 1 1 1 1 1
9300 9399 1 1 1 1 1 1 0 0 1 1 1 1 1 1
9400 9499 1 1 1 1 1 1 0 0 1 1 1 1 1 1
9500 9599 1 1 1 1 1 1 0 0 1 1 1 1 1 1
9600 9699 1 1 1 1 1 1 0 0 1 1 1 1 1 1
9700 9799 1 1 1 1 1 1 0 0 1 1 1 1 1 1
9800 9899 1 1 1 1 1 1 0 0 1 1 1 1 1 1
9900 9999 1 1 1 1 1 1 0 0 1 1 1 1 1 1
10000 10099 1 1 1 1 1 1 0 0 1 1 1 1 1 1
10100 10199 1 1 1 1 1 1 0 0 1 1 1 1 1 1
10200 10299 1 1 1 1 1 1 0 0 1 1 1 1 1 1
10300 10399 1 1 1 1 1 1 0 0 1 1 1 1 1 1
10400 10499 1 1 1 1 1 1 0 0 1 1 1 1 1 1
10500 10599 1 1 1 1 1 1 0 0 1 1 1 1 1 1
10600 10699 1 1 1 1 1 1 0 0 1 1 1 1 1 1
10700 10799 1 1 1 1 1 1 0 0 1 1 1 1 1 1
10800 10899 1 1 1 1 1 1 0 0 1 1 1 1 1 1
10900 10999 1 1 1 1 1 1 0 0 1 1 1 1 1 1
11000 11099 1 1 1 1 1 1 0 0 1 1 1 1 1 1
11100 11199 1 1 1 1 1 1 0 0 1 1 1 1 1 1
11200 11299 1 1 1 1 1 1 0 0 1 1 1 1 1 1
11300 11399 1 1 1 1 1 1 0 0 1 1 1 1 1 1
11400 11499 1 1 1 1 1 1 0 0 1 1 1 1 1 1
11500 11599 1 1 1 1 1 1 0 0 1 1 1 1 1 1
11600 11699 1 1 1 1 1 1 0 0 1 1 1 1 1 1
11700 11799 1 1 1 1 1 1 0 0 1 1 1 1 1 1
11800 11899 1 1 1 1 1 1 0 0 1 1 1 1 1 1
11900 11999 1 1 1 1 1 1 0 0 1 1 1 1 1 1
12000 12099 1 1 1 1 1 1 0 0 1 1 1 1 1 1
12100 12199 1 1 1 1 1 1 0 0 1 1 1 1 1 1
12200 12299 1 1 1 1 1 1 0 0 1 1 1 1 1 1
12300 12399 1 1 1 1 1 1 0 0 1 1 1 1 1 1
12400 12499 1 1 1 1 1 1 0 0 1 1 1 1 1 1
12500 12599 1 1 1 1 1 1 0 0 1 1 1 1 1 1
12600 12699 1 1 1 1 1 1 0 0 1 1 1 1 1 1
12700 12799 1 1 1 1 1 1 0 0 1 1 1 1 1 1
12800 12899 1 1 1 1 1 1 0 0 1 1 1 1 1 1
12900 12999 1 1 1 1 1 1 0 0 1 1 1 1 1 1
13000 13099 1 1 1 1 1 1 0 0 1 1 1 1 1 1
13100 13199 1 1 1 1 1 1 0 0 1 1 1 1 1 1
13200 13299 1 1 1 1 1 1 0 0 1 1 1 1 1 1
13300 13399 1 1 1 1 1 1 0 0 1 1 1 1 1 1
13400 13499 1 1 1 1 1 1 0 0 1 1 1 1 1 1
13500 13599 1 1 1 1 1 1 0 0 1 1 1 1 1 1
13600 13699 1 1 1 1 1 1 0 0 1 1 1 1 1 1
13700 13799 1 1 1 1 1 1 0 0 1 1 1 1 1 1
13800 13899 1 1 1 1 1 1 0 0 1 1 1 1 1 1
13900 13999 1 1 1 1 1 1 0 0 1 1 1 1 1 1
14000 14099 1 1 1 1 1 1 0 0 1 1 1 1 1 1
14100 14199 1 1 1 1 1 1 0 0 1 1 1 1 1 1
14200 14299 1 1 1 1 1 1 0 0 1 1 1 1 1 1
14300 14399 1 1 1 1 1 1 0 0 1 1 1 1 1 1
14400 14499 1 1 1 1 1 1 0 0 1 1 1 1 1 1
14500 14599 1 1 1 1 1 1 0 0 1 1 1 1 1 1
14600 14699 1 1 1 1 1 1 0 0 1 1 1 1 1 1
14700 14799 1 1 1 1 1 1 0 0 1 1 1 1 1 1
14800 14899 1 1 1 1 1 1 0 0 1 1 1 1 1 1
14900 14999 1 1 1 1 1 1 0 0 1 1 1 1 1 1
15000 15099 1 1 1 1 1 1 0 0 1 1 1 1 1 1
15100 15199 1 1 1 1 1 1 0 0 1 1 1 1 1 1
15200 15299 1 1 1 1 1 1 0 0 1 1 1 1 1 1
15300 15399 1 1 1 1 1 1 0 0 1 1 1 1 1 1
15400 15499 1 1 1 1 1 1 0 0 1 1 1 1 1 1
15500 15599 1 1 1 1 1 1 0 0 1 1 1 1 1 1
15600 15699 1 1 1 1 1 1 0 0 1 1 1 1 1 1
15700 15799 1 1 1 1 1 1 0 0 1 1 1 1 1 1
15800 15899 1 1 1 1 1 1 0 0 1 1 1 1 1 1
15900 15999 1 1 1 1 1 1 0 0 1 1 1 1 1 1
16000 16099 1 1 1 1 1 1 0 0 1 1 1 1 1 1
16100 16199 1 1 1 1 1 1 0 0 1 1 1 1 1 1
16200 16299 1 1 1 1 1 1 0 0 1 1 1 1 1 1
16300 16399 1 1 1 1 1 1 0 0 1 1 1 1 1 1
16400 16499 1 1 1 1 1 1 0 0 1 1 1 1 1 1
16500 16599 1 1 1 1 1 1 0 0 1 1 1 1 1 1
16600 16699 1 1 1 1 1 1 0 0 1 1 1 1 1 1
16700 16799 1 1 1 1 1 1 0 0 1 1 1 1 1 1
16800 16899 1 1 1 1 1 1 0 0 1 1 1 1 1 1
16900 16999 1 1 1 1 1 1 0 0 1 1 1 1 1 1
17000 17099 1 1 1 1 1 1 0 0 1 1 1 1 1 1
17100 17199 1 1 1 1 1 1 0 0 1 1 1 1 1 1
17200 17299 1 1 1 1 1 1 0 0 1 1 1 1 1 1
17300 17399 1 1 1 1 1 1 0 0 1 1 1 1 1 1
17400 17499 1 1 1 1 1 1 0 0 1 1 1 1 1 1
17500 17599 1 1 1 1 1 1 0 0 1 1 1 1 1 1
17600 17699 1 1 1 1 1 1 0 0 1 1 1 1 1 1
17700 17799 1 1 1 1 1 1 0 0 1 1 1 1 1 1
17800 17899 1 1 1 1 1 1 0 0 1 1 1 1 1 1
17900 17999 1 1 1 1 1 1 0 0 1 1 1 1 1 1
18000 18099 1 1 1 1 1 1 0 0 1 1 1 1 1 1
18100 18199 1 1 1 1 1 1 0 0 1 1 1 1 1 1
18200 18299 1 1 1 1 1 1 0 0 1 1 1 1 1 1
18300 18399 1 1 1 1 1 1 0 0 1 1 1 1 1 1
18400 18499 1 1 1 1 1 1 0 0 1 1 1 1 1 1
18500 18599 1 1 1 1 1 1 0 0 1 1 1 1 1 1
18600 18699 1 1 1 1 1 1 0 0 1 1 1 1 1 1
18700 18799 1 1 1 1 1 1 0 0 1 1 1 1 1 1
18800 18899 1 1 1 1 1 1 0 0 1 1 1 1 1 1
18900 18999 1 1 1 1 1 1 0 0 1 1 1 1 1 1
19000 19099 1 1 1 1 1 1 0 0 1 1 1 1 1 1
19100 19199 1 1 1 1 1 1 0 0 1 1 1 1 1 1
19200 19299 1 1 1 1 1 1 0 0 1 1 1 1 1 1
19300 19399 1 1 1 1 1 1 0 0 1 1 1 1 1 1
19400 19499 1 1 1 1 1 1 0 0 1 1 1 1 1 1
19500 19599 1 1 1 1 1 1 0 0 1 1 1 1 1 1
19600 19699 1 1 1 1 1 1 0 0 1 1 1 1 1 1
19700 19799 1 1 1 1 1 1 0 0 1 1 1 1 1 1
19800 19899 1 1 1 1 1 1 0 0 1 1 1 1 1 1
19900 19999 1 1 1 1 1 1 0 0 1 1 1 1 1 1
20000 20099 1 1 1 1 1 1 0 0 1 1 1 1 1 1
20100 20199 1 1 1 1 1 1 0 0 1 1 1 1 1 1
20200 20299 1 1 1 1 1 1 0 0 1 1 1 1 1 1
20300 20399 1 1 1 1 1 1 0 0 1 1 1 1 1 1
20400 20499 1 1 1 1 1 1 0 0 1 1 1 1 1 1
20500 20599 1 1 1 1 1 1 0 0 1 1 1 1 1 1
20600 20699 1 1 1 1 1 1 0 0 1 1 1 1 1 1
20700 20799 1 1 1 1 1 1 0 0 1 1 1 1 1 1
20800 20899 1 1 1 1 1 1 0 0 1 1 1 1 1 1
20900 20999 1 1 1 1 1 1 0 0 1 1 1 1 1 1
21000 21099 1 1 1 1 1 1 0 0 1 1 1 1 1 1
21100 21199 1 1 1 1 1 1 0 0 1 1 1 1 1 1
21200 21299 1 1 1 1 1 1 0 0 1 1 1 1 1 1
21300 21399 1 1 1 1 1 1 0 0 1 1 1 1 1 1
21400 21499 1 1 1 1 1 1 0 0 1 1 1 1 1 1
21500 21599 1 1 1 1 1 1 0 0 1 1 1 1 1 1
21600 21699 1 1 1 1 1 1 0 0 1 1 1 1 1 1
21700 21799 1 1 1 1 1 1 0 0 1 1 1 1 1 1
21800 21899 1 1 1 1 1 1 0 0 1 1 1 1 1 1
21900 21999 1 1 1 1 1 1 0 0 1 1 1 1 1 1
22000 22099 0 1 1 1 1 1 0 0 1 1 1 1 1 1
22100 22199 0 1 1 1 1 1 0 0 1 1 1 1 1 1
22200 22299 0 1 1 1 1 1 0 0 1 1 1 1 1 1
