0 99 0 0 1 1 1 1 0 0 0 0 0 0 1 1
100 199 0 0 1 1 1 1 0 0 0 0 0 0 1 1
200 299 0 0 1 1 1 1 0 0 0 0 0 0 1 1
300 399 0 0 1 0 1 1 0 0 0 0 0 0 1 1
400 499 0 0 1 0 1 1 0 0 0 0 0 0 1 1
500 599 0 0 1 0 1 1 0 0 0 0 0 0 1 1
600 699 0 0 1 0 1 1 0 0 0 0 0 0 1 1
700 799 0 0 1 0 1 1 0 0 0 0 0 0 1 1
800 899 0 0 1 0 1 1 0 0 0 0 0 0 1 1
900 999 0 0 1 0 1 1 0 0 0 0 0 0 0 1
1000 1099 0 0 1 0 1 1 0 0 0 0 0 0 0 1
1100 1199 0 0 1 1 1 1 0 0 0 0 0 0 0 1
1200 1299 0 0 1 1 1 1 0 0 0 0 0 0 0 1
1300 1399 0 0 1 1 1 1 0 0 0 0 0 0 0 1
1400 1499 0 0 1 1 1 1 0 0 0 0 0 0 0 1
1500 1599 0 0 1 1 1 1 0 0 0 0 0 0 0 1
1600 1699 0 0 1 1 1 1 0 0 0 0 0 0 0 1
1700 1799 0 0 1 1 1 1 0 0 0 0 0 0 1 1
1800 1899 0 0 1 1 1 1 0 0 0 0 0 0 1 1
1900 1999 0 0 1 1 1 1 0 0 0 0 0 0 1 1
2000 2099 0 0 1 1 1 1 0 0 0 0 0 0 1 1
2100 2199 0 0 0 1 1 1 0 0 0 0 0 0 1 1
2200 2299 0 0 0 0 1 1 0 0 0 0 0 0 1 1
2300 2399 0 0 0 0 1 1 0 0 0 0 0 0 1 1
2400 2499 0 0 0 0 1 1 0 0 0 0 0 0 1 1
2500 2599 0 0 0 0 1 1 0 0 0 0 0 0 1 1
2600 2699 0 0 0 0 1 1 0 0 0 0 0 0 1 1
2700 2799 0 0 0 0 1 1 0 0 0 0 0 0 1 1
2800 2899 0 0 0 0 1 1 0 0 0 0 0 0 1 1
2900 2999 0 0 0 0 1 1 0 0 0 0 0 0 1 1
3000 3099 0 0 0 1 1 1 0 0 0 0 0 0 1 1
3100 3199 0 0 0 1 1 1 0 0 0 0 0 0 1 1
3200 3299 0 0 0 1 1 1 0 0 0 0 0 0 1 1
3300 3399 0 0 1 1 1 1 0 0 0 0 0 0 1 1
3400 3499 0 0 1 1 1 1 0 0 0 0 0 0 1 1
3500 3599 0 0 0 1 1 1 0 0 0 0 0 0 1 1
3600 3699 0 0 0 1 1 1 0 0 0 0 0 0 1 1
3700 3799 0 0 0 1 1 1 0 0 0 0 0 0 1 1
3800 3899 0 0 0 1 1 1 0 0 0 0 0 0 1 1
3900 3999 0 0 0 1 1 1 0 0 0 0 0 0 1 1
4000 4099 0 0 0 1 1 1 0 0 0 0 0 0 1 1
4100 4199 0 0 0 1 1 1 0 0 0 0 0 0 1 1
4200 4299 0 0 0 1 1 1 0 0 0 0 0 0 1 1
4300 4399 0 0 0 1 1 1 0 0 0 0 0 0 1 1
4400 4499 0 1 1 1 1 1 0 0 0 0 0 0 1 1
4500 4599 0 1 1 1 1 1 0 0 0 0 0 0 1 1
4600 4699 0 0 1 1 1 1 0 0 0 0 0 0 1 1
4700 4799 0 0 1 1 1 1 0 0 0 0 0 0 1 1
4800 4899 0 0 1 1 1 1 0 0 0 0 0 0 1 1
4900 4999 0 0 0 1 1 1 0 0 0 0 0 0 1 1
5000 5099 0 0 0 1 1 1 0 0 0 0 0 0 1 1
5100 5199 0 0 0 1 1 1 0 0 0 0 0 0 1 1
5200 5299 0 0 0 1 1 1 0 0 0 0 0 0 1 1
5300 5399 0 0 0 1 1 1 0 0 0 0 0 0 1 1
5400 5499 0 0 0 1 1 1 0 0 0 0 0 0 1 1
5500 5599 0 0 0 1 1 1 0 0 0 0 0 0 1 1
5600 5699 0 0 0 1 1 1 0 0 0 0 0 0 1 0
5700 5799 0 0 1 0 1 1 0 0 0 0 0 0 1 0
5800 5899 0 0 1 0 1 1 0 0 0 0 0 0 1 0
5900 5999 0 0 0 0 1 1 0 0 0 0 0 0 1 0
6000 6099 0 0 0 0 1 1 0 0 0 0 0 0 1 0
6100 6199 0 0 0 0 1 1 0 0 0 0 0 0 0 0
6200 6299 0 0 0 0 1 1 0 0 0 0 0 0 0 0
6300 6399 0 0 0 0 1 1 0 0 0 0 0 0 0 0
6400 6499 0 0 0 0 1 1 0 0 0 0 0 0 0 1
6500 6599 0 0 0 1 1 1 0 0 0 0 0 0 0 1
6600 6699 0 0 0 1 1 1 0 0 0 0 0 0 0 1
6700 6799 0 0 1 1 1 1 0 0 0 0 0 0 0 1
6800 6899 0 0 0 0 1 1 0 0 0 0 0 0 0 1
6900 6999 0 0 0 0 1 1 0 0 0 0 0 0 1 1
7000 7099 0 0 0 0 1 1 0 0 0 0 0 0 1 1
7100 7199 0 0 0 0 1 1 0 0 0 0 0 0 1 1
7200 7299 0 0 0 0 1 1 0 0 0 0 0 0 1 1
7300 7399 0 0 0 0 1 1 0 0 0 0 0 0 1 1
7400 7499 0 0 0 0 1 1 0 0 0 0 0 0 1 1
7500 7599 0 0 0 0 1 1 0 0 0 0 0 0 1 1
7600 7699 0 0 0 1 1 1 0 0 0 0 0 0 1 1
7700 7799 0 0 0 1 1 1 0 0 0 0 0 0 1 1
7800 7899 0 0 0 1 1 1 0 0 0 0 0 0 0 1
7900 7999 0 0 0 1 1 1 0 0 0 0 0 0 0 1
8000 8099 0 0 1 1 1 1 0 0 0 0 0 0 0 1
8100 8199 0 0 1 1 1 1 0 0 0 0 0 0 0 1
8200 8299 0 0 1 1 1 1 0 0 0 0 0 0 0 1
8300 8399 0 0 1 1 1 1 0 0 0 0 0 0 0 1
8400 8499 0 0 1 1 1 1 0 0 0 0 0 0 0 1
8500 8599 0 0 1 1 1 1 0 0 0 0 0 0 0 1
8600 8699 0 0 1 1 1 1 0 0 0 0 0 0 0 1
8700 8799 0 0 1 1 1 1 0 0 0 0 0 0 0 1
8800 8899 0 0 1 1 1 1 0 0 0 0 0 0 0 1
8900 8999 0 0 1 1 1 1 0 0 0 0 0 0 0 1
9000 9099 0 0 1 1 1 1 0 0 0 0 0 0 0 1
9100 9199 0 0 1 1 1 1 0 0 0 0 0 0 0 1
9200 9299 0 0 0 1 1 1 0 0 0 0 0 0 0 1
9300 9399 0 0 0 1 1 1 0 0 0 0 0 0 0 1
9400 9499 0 0 0 1 1 1 0 0 0 0 0 0 0 1
9500 9599 0 0 0 1 1 1 0 0 0 0 0 0 0 1
9600 9699 0 0 0 1 1 1 0 0 0 0 0 0 0 1
9700 9799 0 0 0 0 1 1 0 0 0 0 0 0 0 1
9800 9899 0 0 0 0 1 1 0 0 0 0 0 0 0 1
9900 9999 0 0 0 0 1 1 0 0 0 0 0 0 0 1
10000 10099 0 0 0 0 1 1 0 0 0 0 0 0 0 1
10100 10199 0 0 1 0 1 1 0 0 0 0 0 0 0 1
10200 10299 0 0 1 0 1 1 0 0 0 0 0 0 1 1
10300 10399 0 0 1 0 1 1 0 0 0 0 0 0 1 1
10400 10499 0 0 1 0 1 1 0 0 0 0 0 0 1 1
10500 10599 0 0 1 0 1 1 0 0 0 0 0 0 1 1
10600 10699 0 0 1 0 1 1 0 0 0 0 0 0 1 1
10700 10799 0 0 0 0 1 1 0 0 0 0 0 0 1 1
10800 10899 0 0 0 0 1 1 0 0 0 0 0 0 1 1
10900 10999 0 0 0 0 1 1 0 0 0 0 0 0 0 1
11000 11099 0 0 0 0 1 1 0 0 0 0 0 0 0 1
11100 11199 0 0 0 0 1 1 0 0 0 0 0 0 0 1
11200 11299 0 0 0 0 1 1 0 0 0 0 0 0 0 1
11300 11399 0 0 0 0 1 1 0 0 0 0 0 0 0 1
11400 11499 0 0 0 1 1 1 0 0 0 0 0 0 0 1
11500 11599 0 0 0 1 1 1 0 0 0 0 0 0 0 1
11600 11699 0 0 0 1 1 1 0 0 0 0 0 0 0 1
11700 11799 0 0 0 1 1 1 0 0 0 0 0 0 0 1
11800 11899 0 0 0 1 1 1 0 0 0 0 0 0 0 1
11900 11999 0 0 0 1 1 1 0 0 0 0 0 0 0 1
12000 12099 0 0 0 0 1 1 0 0 0 0 0 0 0 1
12100 12199 0 0 0 0 1 1 0 0 0 0 0 0 0 1
12200 12299 0 0 0 0 1 1 0 0 0 0 0 0 1 1
12300 12399 0 0 0 0 1 1 0 0 0 0 0 0 1 1
12400 12499 0 0 0 0 1 1 0 0 0 0 0 0 1 1
12500 12599 0 0 0 0 1 1 0 0 0 0 0 0 1 1
12600 12699 0 0 0 0 1 1 0 0 0 0 0 0 1 1
12700 12799 0 0 0 0 1 1 0 0 0 0 0 0 1 1
12800 12899 0 0 1 1 1 1 0 0 0 0 0 0 1 1
12900 12999 0 0 1 1 1 1 0 0 0 0 0 0 1 1
13000 13099 0 0 1 1 1 1 0 0 0 0 0 0 0 1
13100 13199 0 0 1 1 1 1 0 0 0 0 0 0 0 1
13200 13299 0 0 1 1 1 1 0 0 0 0 0 0 0 1
13300 13399 0 0 1 1 1 1 0 0 0 0 0 0 0 1
13400 13499 0 0 1 1 1 1 0 0 0 0 0 0 0 1
13500 13599 0 0 1 1 1 1 0 0 0 0 0 0 0 1
13600 13699 0 0 1 1 1 1 0 0 0 0 0 0 0 1
13700 13799 0 0 1 1 1 1 0 0 0 0 0 0 0 1
13800 13899 0 0 1 1 1 1 0 0 0 0 0 0 0 1
13900 13999 0 0 1 1 1 1 0 0 0 0 0 0 0 1
14000 14099 0 0 1 1 1 1 0 0 0 0 0 0 0 1
14100 14199 0 1 1 1 1 1 0 0 0 0 0 0 0 1
14200 14299 0 1 1 1 1 1 0 0 0 0 0 0 0 1
14300 14399 0 1 1 1 1 1 0 0 0 0 0 0 0 1
14400 14499 0 0 1 1 1 1 0 0 0 0 0 0 1 1
14500 14599 0 0 1 1 1 1 0 0 0 0 0 0 1 1
14600 14699 0 0 1 1 1 1 0 0 0 0 0 0 1 1
14700 14799 0 0 1 1 1 1 0 0 0 0 0 0 1 1
14800 14899 0 0 1 1 1 1 0 0 0 0 0 0 1 1
14900 14999 0 0 1 1 1 1 0 0 0 0 0 0 1 1
15000 15099 0 0 1 1 1 1 0 0 0 0 0 0 1 1
15100 15199 0 0 1 1 1 1 0 0 0 0 0 0 1 1
15200 15299 0 0 1 1 1 1 0 0 0 0 0 0 0 1
15300 15399 0 0 1 1 1 1 0 0 0 0 0 0 0 1
15400 15499 0 0 1 1 1 1 0 0 0 0 0 0 0 1
15500 15599 0 0 1 1 1 1 0 0 0 0 0 0 0 1
15600 15699 0 0 1 1 1 1 0 0 0 0 0 0 0 1
15700 15799 0 0 1 1 1 1 0 0 0 0 0 0 0 1
15800 15899 0 0 1 1 1 1 0 0 0 0 0 0 0 1
15900 15999 0 0 1 1 1 1 0 0 0 0 0 0 0 1
16000 16099 0 0 1 1 1 1 0 0 0 0 0 0 0 1
16100 16199 0 0 0 1 1 1 0 0 0 0 0 0 0 1
16200 16299 0 0 0 1 1 1 0 0 0 0 0 0 0 1
16300 16399 0 0 0 1 1 1 0 0 0 0 0 0 0 1
16400 16499 0 0 0 1 1 1 0 0 0 0 0 0 0 1
16500 16599 0 0 0 1 1 1 0 0 0 0 0 0 0 1
16600 16699 0 0 0 1 1 1 0 0 0 0 0 0 0 1
16700 16799 0 0 0 1 1 1 0 0 0 0 0 0 1 1
16800 16899 0 0 0 1 1 1 0 0 0 0 0 0 1 1
16900 16999 0 0 0 1 1 1 0 0 0 0 0 0 1 1
17000 17099 0 0 0 1 1 1 0 0 0 0 0 0 1 1
17100 17199 0 0 1 1 1 1 0 0 0 0 0 0 1 1
17200 17299 0 0 0 1 1 1 0 0 0 0 0 0 1 1
17300 17399 0 0 0 1 1 1 0 0 0 0 0 0 0 1
17400 17499 0 0 0 1 1 1 0 0 0 0 0 0 0 1
17500 17599 0 0 0 1 1 1 0 0 0 0 0 0 0 1
17600 17699 0 0 0 1 1 1 0 0 0 0 0 0 0 1
17700 17799 0 0 0 1 1 1 0 0 0 0 0 0 0 1
17800 17899 0 0 0 1 1 1 0 0 0 0 0 0 0 1
17900 17999 0 0 0 1 1 1 0 0 0 0 0 0 0 1
18000 18099 0 0 1 1 1 1 0 0 0 0 0 0 0 1
18100 18199 0 0 1 1 1 1 0 0 0 0 0 0 1 1
18200 18299 0 0 1 1 1 1 0 0 0 0 0 0 1 1
18300 18399 0 0 1 1 1 1 0 0 0 0 0 0 1 1
18400 18499 0 0 1 1 1 1 0 0 0 0 0 0 1 1
18500 18599 0 0 1 0 1 1 0 0 0 0 0 0 1 1
18600 18699 0 0 1 0 1 1 0 0 0 0 0 0 1 1
18700 18799 0 0 1 0 1 1 0 0 0 0 0 0 1 1
18800 18899 0 0 1 0 1 1 0 0 0 0 0 0 1 1
18900 18999 0 0 0 0 1 1 0 0 0 0 0 0 1 0
19000 19099 0 0 0 0 1 1 0 0 0 0 0 0 1 0
19100 19199 0 0 0 0 1 1 0 0 0 0 0 0 1 0
19200 19299 0 0 0 0 1 1 0 0 0 0 0 0 1 0
19300 19399 0 0 0 0 1 1 0 0 0 0 0 0 1 0
19400 19499 0 0 0 1 1 1 0 0 0 0 0 0 1 0
19500 19599 0 0 0 1 1 1 0 0 0 0 0 0 1 0
19600 19699 0 0 0 1 1 1 0 0 0 0 0 0 1 0
19700 19799 0 0 1 1 1 1 0 0 0 0 0 0 1 1
19800 19899 0 0 1 1 1 1 0 0 0 0 0 0 1 1
19900 19999 0 0 1 1 1 1 0 0 0 0 0 0 1 1
20000 20099 0 0 1 1 1 1 0 0 0 0 0 0 1 1
20100 20199 0 0 1 1 1 1 0 0 0 0 0 0 1 0
20200 20299 0 0 1 1 1 1 0 0 0 0 0 0 1 0
20300 20399 0 0 1 1 1 1 0 0 0 0 0 0 1 0
20400 20499 0 0 1 1 1 1 0 0 0 0 0 0 1 0
20500 20599 0 0 1 1 1 1 0 0 0 0 0 0 1 0
20600 20699 0 0 1 1 1 1 0 0 0 0 0 0 1 0
20700 20799 0 0 1 1 1 1 0 0 0 0 0 0 1 0
20800 20899 0 0 1 1 1 1 0 0 0 0 0 0 1 0
20900 20999 0 0 1 1 1 1 0 0 0 0 0 0 1 0
21000 21099 0 0 1 1 1 1 0 0 0 0 0 0 1 0
21100 21199 0 0 1 0 1 1 0 0 0 0 0 0 1 0
21200 21299 0 0 1 0 1 1 0 0 0 0 0 0 1 0
21300 21399 0 0 1 0 1 1 0 0 0 0 0 0 0 0
21400 21499 0 0 1 0 1 1 0 0 0 0 0 0 0 0
21500 21599 0 0 1 0 1 1 0 0 0 0 0 0 0 0
21600 21699 0 0 1 0 1 1 0 0 0 0 0 0 0 0
21700 21799 0 0 1 0 1 1 0 0 0 0 0 0 0 0
21800 21899 0 0 1 0 1 1 0 0 0 0 0 0 0 0
21900 21999 0 0 1 1 1 1 0 0 0 0 0 0 0 0
22000 22099 0 0 0 1 1 1 0 0 0 0 0 0 0 0
22100 22199 0 0 0 1 1 1 0 0 0 0 0 0 0 0
22200 22299 0 0 0 1 1 1 0 0 0 0 0 0 0 0
22300 22399 0 0 0 1 1 1 0 0 0 0 0 0 1 0
22400 22499 0 0 0 1 1 1 0 0 0 0 0 0 1 0
22500 22599 0 0 0 1 1 1 0 0 0 0 0 0 1 0
22600 22699 0 0 0 1 1 1 0 0 0 0 0 0 1 0
22700 22799 0 0 0 1 1 1 0 0 0 0 0 0 1 1
22800 22899 0 0 1 1 1 1 0 0 0 0 0 0 1 1
22900 22999 0 0 1 1 1 1 0 0 0 0 0 0 1 1
23000 23099 0 0 0 1 1 1 0 0 0 0 0 0 1 1
23100 23199 0 0 0 1 1 1 0 0 0 0 0 0 1 1
23200 23299 0 0 0 1 1 1 0 0 0 0 0 0 1 1
23300 23399 0 0 0 1 1 1 0 0 0 0 0 0 1 1
23400 23499 0 0 0 1 1 1 0 0 0 0 0 0 1 1
23500 23599 0 0 0 1 1 1 0 0 0 0 0 0 1 1
23600 23699 0 0 0 1 1 1 0 0 0 0 0 0 1 1
23700 23799 0 0 0 1 1 1 0 0 0 0 0 0 1 0
23800 23899 0 0 0 0 1 1 0 0 0 0 0 0 1 0
23900 23999 0 0 0 0 1 1 0 0 0 0 0 0 1 0
24000 24099 0 0 0 0 1 1 0 0 0 0 0 0 1 0
24100 24199 0 0 1 0 1 1 0 0 0 0 0 0 1 0
24200 24299 0 0 1 0 1 1 0 0 0 0 0 0 1 0
24300 24399 0 0 1 0 1 1 0 0 0 0 0 0 1 0
24400 24499 0 0 1 0 1 1 0 0 0 0 0 0 1 0
24500 24599 0 0 1 0 1 1 0 0 0 0 0 0 1 1
24600 24699 0 0 1 1 1 1 0 0 0 0 0 0 1 1
24700 24799 0 0 0 1 1 1 0 0 0 0 0 0 1 1
24800 24899 0 0 0 1 1 1 0 0 0 0 0 0 1 1
24900 24999 0 0 0 1 1 1 0 0 0 0 0 0 0 1
25000 25099 0 0 0 0 1 1 0 0 0 0 0 0 0 1
25100 25199 0 0 0 0 1 1 0 0 0 0 0 0 0 1
25200 25299 0 0 0 0 1 1 0 0 0 0 0 0 0 1
25300 25399 0 0 0 0 1 1 0 0 0 0 0 0 0 1
25400 25499 0 0 0 0 1 1 0 0 0 0 0 0 0 1
25500 25599 0 0 1 0 1 1 0 0 0 0 0 0 0 1
25600 25699 0 0 1 0 1 1 0 0 0 0 0 0 0 1
25700 25799 0 0 1 0 1 1 0 0 0 0 0 0 1 1
25800 25899 0 0 1 1 1 1 0 0 0 0 0 0 1 1
25900 25999 0 0 1 0 1 1 0 0 0 0 0 0 1 1
26000 26099 0 0 1 0 1 1 0 0 0 0 0 0 1 0
26100 26199 0 0 1 0 1 1 0 0 0 0 0 0 1 0
26200 26299 0 0 0 0 1 1 0 0 0 0 0 0 0 0
26300 26399 0 0 0 0 1 1 0 0 0 0 0 0 0 0
26400 26499 0 0 0 0 1 1 0 0 0 0 0 0 0 0
26500 26599 0 0 0 0 1 1 0 0 0 0 0 0 0 0
26600 26699 0 0 0 0 1 1 0 0 0 0 0 0 0 0
26700 26799 0 0 0 1 1 1 0 0 0 0 0 0 0 0
26800 26899 0 0 0 1 1 1 0 0 0 0 0 0 0 1
26900 26999 0 0 0 1 1 1 0 0 0 0 0 0 0 1
27000 27099 0 0 1 1 1 1 0 0 0 0 0 0 1 1
27100 27199 0 0 1 1 1 1 0 0 0 0 0 0 1 1
27200 27299 0 0 1 1 1 1 0 0 0 0 0 0 1 1
27300 27399 0 0 1 1 1 1 0 0 0 0 0 0 1 1
27400 27499 0 0 1 1 1 1 0 0 0 0 0 0 1 1
27500 27599 0 0 1 1 1 1 0 0 0 0 0 0 1 1
27600 27699 0 0 0 1 1 1 0 0 0 0 0 0 1 1
27700 27799 0 0 0 1 1 1 0 0 0 0 0 0 1 1
27800 27899 0 0 0 1 1 1 0 0 0 0 0 0 1 1
27900 27999 0 0 0 1 1 1 0 0 0 0 0 0 1 1
28000 28099 0 0 0 1 1 1 0 0 0 0 0 0 1 1
28100 28199 0 0 0 1 1 1 0 0 0 0 0 0 1 1
28200 28299 0 1 0 1 1 1 0 0 0 0 0 0 1 1
28300 28399 0 1 0 1 1 1 0 0 0 0 0 0 1 1
28400 28499 0 1 1 1 1 1 0 0 0 0 0 0 1 1
28500 28599 0 0 0 1 1 1 0 0 0 0 0 0 1 1
28600 28699 0 0 0 1 1 1 0 0 0 0 0 0 0 1
28700 28799 0 0 0 1 1 1 0 0 0 0 0 0 0 1
28800 28899 0 0 0 1 1 1 0 0 0 0 0 0 0 1
28900 28999 0 0 0 1 1 1 0 0 0 0 0 0 0 1
29000 29099 0 0 0 1 1 1 0 0 0 0 0 0 0 1
29100 29199 0 0 0 1 1 1 0 0 0 0 0 0 0 1
29200 29299 0 0 0 1 1 1 0 0 0 0 0 0 0 1
29300 29399 0 0 1 1 1 1 0 0 0 0 0 0 0 1
29400 29499 0 0 1 1 1 1 0 0 0 0 0 0 1 1
29500 29599 0 0 1 1 1 1 0 0 0 0 0 0 1 1
29600 29699 0 0 1 1 1 1 0 0 0 0 0 0 1 1
29700 29799 0 0 1 1 1 1 0 0 0 0 0 0 1 1
29800 29899 0 0 1 1 1 1 0 0 0 0 0 0 1 1
29900 29999 0 0 1 1 1 1 0 0 0 0 0 0 1 1
30000 30099 0 0 0 1 1 1 0 0 0 0 0 0 0 1
30100 30199 0 0 0 1 1 1 0 0 0 0 0 0 0 1
30200 30299 0 0 0 1 1 1 0 0 0 0 0 0 0 1
30300 30399 0 0 0 1 1 1 0 0 0 0 0 0 0 1
30400 30499 0 0 0 1 1 1 0 0 0 0 0 0 0 1
30500 30599 0 0 0 1 1 1 0 0 0 0 0 0 0 1
30600 30699 0 0 0 1 1 1 0 0 0 0 0 0 0 1
30700 30799 0 0 0 1 1 1 0 0 0 0 0 0 0 1
30800 30899 0 0 0 1 1 1 0 0 0 0 0 0 1 1
30900 30999 0 0 0 1 1 1 0 0 0 0 0 0 1 1
31000 31099 0 0 0 1 1 1 0 0 0 0 0 0 1 1
31100 31199 0 0 0 1 1 1 0 0 0 0 0 0 1 1
31200 31299 0 0 0 1 1 1 0 0 0 0 0 0 1 1
31300 31399 0 0 0 1 1 1 0 0 0 0 0 0 1 1
31400 31499 0 0 0 1 1 1 0 0 0 0 0 0 1 1
31500 31599 0 0 0 1 1 1 0 0 0 0 0 0 1 0
31600 31699 0 0 0 1 1 1 0 0 0 0 0 0 1 0
31700 31799 0 0 0 1 1 1 0 0 0 0 0 0 1 0
31800 31899 0 0 1 1 1 1 0 0 0 0 0 0 1 0
31900 31999 0 0 1 1 1 1 0 0 0 0 0 0 0 0
32000 32099 0 0 1 1 1 1 0 0 0 0 0 0 0 0
32100 32199 0 0 1 1 1 1 0 0 0 0 0 0 0 0
32200 32299 0 0 1 1 1 1 0 0 0 0 0 0 0 0
32300 32399 0 0 1 1 1 1 0 0 0 0 0 0 0 0
32400 32499 0 0 1 1 1 1 0 0 0 0 0 0 0 0
32500 32599 0 0 1 1 1 1 0 0 0 0 0 0 0 0
32600 32699 0 0 1 1 1 1 0 0 0 0 0 0 0 0
32700 32799 0 0 1 1 1 1 0 0 0 0 0 0 1 0
32800 32899 0 0 1 1 1 1 0 0 0 0 0 0 1 0
32900 32999 0 0 1 1 1 1 0 0 0 0 0 0 1 0
33000 33099 0 0 1 1 1 1 0 0 0 0 0 0 1 0
33100 33199 0 0 1 1 1 1 0 0 0 0 0 0 1 1
33200 33299 0 0 0 1 1 1 0 0 0 0 0 0 1 1
33300 33399 0 0 0 1 1 1 0 0 0 0 0 0 0 1
33400 33499 0 0 0 1 1 1 0 0 0 0 0 0 0 1
33500 33599 0 0 0 1 1 1 0 0 0 0 0 0 0 1
33600 33699 0 0 0 1 1 1 0 0 0 0 0 0 0 0
33700 33799 0 0 0 1 1 1 0 0 0 0 0 0 0 0
33800 33899 0 0 0 1 1 1 0 0 0 0 0 0 0 0
33900 33999 0 0 0 1 1 1 0 0 0 0 0 0 0 0
34000 34099 0 0 0 1 1 1 0 0 0 0 0 0 0 0
34100 34199 0 0 0 1 1 1 0 0 0 0 0 0 1 0
34200 34299 0 0 0 1 1 1 0 0 0 0 0 0 1 0
34300 34399 0 0 0 1 1 1 0 0 0 0 0 0 1 0
34400 34499 0 0 0 1 1 1 0 0 0 0 0 0 1 1
34500 34599 0 0 0 1 1 1 0 0 0 0 0 0 1 1
34600 34699 0 0 0 1 1 1 0 0 0 0 0 0 1 1
34700 34799 0 0 0 1 1 1 0 0 0 0 0 0 1 1
34800 34899 0 0 1 1 1 1 0 0 0 0 0 0 1 1
34900 34999 0 0 1 1 1 1 0 0 0 0 0 0 1 1
35000 35099 0 0 1 0 1 1 0 0 0 0 0 0 1 1
35100 35199 0 0 1 0 1 1 0 0 0 0 0 0 1 0
35200 35299 0 0 1 0 1 1 0 0 0 0 0 0 1 0
35300 35399 0 0 1 0 1 1 0 0 0 0 0 0 1 0
35400 35499 0 0 1 0 1 1 0 0 0 0 0 0 1 0
35500 35599 0 0 1 0 1 1 0 0 0 0 0 0 1 0
35600 35699 0 0 1 0 1 1 0 0 0 0 0 0 1 0
35700 35799 0 0 0 0 1 1 0 0 0 0 0 0 1 0
35800 35899 0 0 0 0 1 1 0 0 0 0 0 0 1 0
35900 35999 0 0 0 0 1 1 0 0 0 0 0 0 1 1
36000 36099 0 0 0 0 1 1 0 0 0 0 0 0 1 1
36100 36199 0 0 0 0 1 1 0 0 0 0 0 0 1 1
36200 36299 0 0 0 0 1 1 0 0 0 0 0 0 1 1
36300 36399 0 0 0 0 1 1 0 0 0 0 0 0 1 1
36400 36499 0 0 0 0 1 1 0 0 0 0 0 0 1 1
36500 36599 0 0 0 0 1 1 0 0 0 0 0 0 1 1
36600 36699 0 0 0 0 1 1 0 0 0 0 0 0 1 1
36700 36799 0 0 1 0 1 1 0 0 0 0 0 0 1 1
36800 36899 0 0 1 0 1 1 0 0 0 0 0 0 1 1
36900 36999 0 0 1 0 1 1 0 0 0 0 0 0 1 1
37000 37099 0 0 1 0 1 1 0 0 0 0 0 0 1 1
37100 37199 0 0 1 0 1 1 0 0 0 0 0 0 1 1
37200 37299 0 0 1 1 1 1 0 0 0 0 0 0 1 1
37300 37399 0 0 1 1 1 1 0 0 0 0 0 0 1 1
37400 37499 0 0 1 1 1 1 0 0 0 0 0 0 0 1
37500 37599 0 0 1 1 1 1 0 0 0 0 0 0 0 1
37600 37699 0 0 1 1 1 1 0 0 0 0 0 0 0 1
37700 37799 0 0 1 1 1 1 0 0 0 0 0 0 0 1
37800 37899 0 0 1 1 1 1 0 0 0 0 0 0 0 1
37900 37999 0 0 1 0 1 1 0 0 0 0 0 0 0 1
38000 38099 0 0 1 0 1 1 0 0 0 0 0 0 0 1
38100 38199 0 0 1 0 1 1 0 0 0 0 0 0 0 1
38200 38299 0 0 1 0 1 1 0 0 0 0 0 0 1 1
38300 38399 0 0 1 0 1 1 0 0 0 0 0 0 1 1
38400 38499 0 0 1 0 1 1 0 0 0 0 0 0 1 1
38500 38599 0 0 0 0 1 1 0 0 0 0 0 0 1 1
38600 38699 0 0 0 0 1 1 0 0 0 0 0 0 1 1
38700 38799 0 0 0 1 1 1 0 0 0 0 0 0 1 1
38800 38899 0 0 0 1 1 1 0 0 0 0 0 0 1 1
38900 38999 0 0 0 1 1 1 0 0 0 0 0 0 1 1
39000 39099 0 0 0 1 1 1 0 0 0 0 0 0 1 1
39100 39199 0 1 0 1 1 1 0 0 0 0 0 0 1 1
39200 39299 0 1 0 1 1 1 0 0 0 0 0 0 1 1
39300 39399 0 0 0 0 1 1 0 0 0 0 0 0 1 1
39400 39499 0 0 0 0 1 1 0 0 0 0 0 0 1 1
39500 39599 0 0 0 0 1 1 0 0 0 0 0 0 1 1
39600 39699 0 0 0 0 1 1 0 0 0 0 0 0 1 1
39700 39799 0 0 0 0 1 1 0 0 0 0 0 0 1 1
39800 39899 0 0 0 0 1 1 0 0 0 0 0 0 1 1
39900 39999 0 0 0 0 1 1 0 0 0 0 0 0 1 1
40000 40099 0 0 0 0 1 1 0 0 0 0 0 0 1 1
40100 40199 0 0 0 0 1 1 0 0 0 0 0 0 1 1
40200 40299 0 0 0 0 1 1 0 0 0 0 0 0 1 1
40300 40399 0 0 0 0 1 1 0 0 0 0 0 0 0 1
40400 40499 0 0 0 1 1 1 0 0 0 0 0 0 0 1
40500 40599 0 0 0 1 1 1 0 0 0 0 0 0 0 1
40600 40699 0 0 0 1 1 1 0 0 0 0 0 0 0 1
40700 40799 0 0 0 1 1 1 0 0 0 0 0 0 0 1
40800 40899 0 0 0 1 1 1 0 0 0 0 0 0 0 1
40900 40999 0 0 0 1 1 1 0 0 0 0 0 0 0 1
41000 41099 0 0 0 1 1 1 0 0 0 0 0 0 0 1
41100 41199 0 0 0 1 1 1 0 0 0 0 0 0 1 1
41200 41299 0 0 0 1 1 1 0 0 0 0 0 0 1 1
41300 41399 0 0 0 1 1 1 0 0 0 0 0 0 0 1
41400 41499 0 0 0 0 1 1 0 0 0 0 0 0 0 1
41500 41599 0 0 0 0 1 1 0 0 0 0 0 0 0 1
41600 41699 0 0 0 0 1 1 0 0 0 0 0 0 0 1
41700 41799 0 0 0 0 1 1 0 0 0 0 0 0 0 1
41800 41899 0 0 0 0 1 1 0 0 0 0 0 0 0 1
41900 41999 0 0 0 0 1 1 0 0 0 0 0 0 0 1
42000 42099 0 0 0 0 1 1 0 0 0 0 0 0 0 1
42100 42199 0 0 0 0 1 1 0 0 0 0 0 0 0 1
42200 42299 0 0 0 1 1 1 0 0 0 0 0 0 0 1
42300 42399 0 0 0 1 1 1 0 0 0 0 0 0 1 1
42400 42499 0 0 0 1 1 1 0 0 0 0 0 0 1 1
42500 42599 0 0 0 1 1 1 0 0 0 0 0 0 1 1
42600 42699 0 0 0 1 1 1 0 0 0 0 0 0 1 1
42700 42799 0 0 0 1 1 1 0 0 0 0 0 0 1 1
42800 42899 0 0 0 1 1 1 0 0 0 0 0 0 1 1
42900 42999 0 0 0 1 1 1 0 0 0 0 0 0 1 1
43000 43099 0 0 0 1 1 1 0 0 0 0 0 0 1 1
43100 43199 0 0 0 1 1 1 0 0 0 0 0 0 1 1
43200 43299 0 0 0 1 1 1 0 0 0 0 0 0 1 1
43300 43399 0 0 0 1 1 1 0 0 0 0 0 0 1 1
43400 43499 0 0 0 1 1 1 0 0 0 0 0 0 1 1
43500 43599 0 0 0 1 1 1 0 0 0 0 0 0 1 1
43600 43699 0 0 0 1 1 1 0 0 0 0 0 0 1 1
43700 43799 0 0 0 1 1 1 0 0 0 0 0 0 1 1
43800 43899 0 0 0 1 1 1 0 0 0 0 0 0 1 1
43900 43999 0 0 1 1 1 1 0 0 0 0 0 0 1 1
44000 44099 0 0 1 1 1 1 0 0 0 0 0 0 1 1
44100 44199 0 0 0 1 1 1 0 0 0 0 0 0 1 1
44200 44299 0 0 0 1 1 1 0 0 0 0 0 0 1 1
44300 44399 0 0 0 1 1 1 0 0 0 0 0 0 1 1
44400 44499 0 0 0 1 1 1 0 0 0 0 0 0 1 1
44500 44599 0 0 0 1 1 1 0 0 0 0 0 0 1 1
44600 44699 0 0 0 1 1 1 0 0 0 0 0 0 1 1
44700 44799 0 0 0 1 1 1 0 0 0 0 0 0 1 1
44800 44899 0 0 0 1 1 1 0 0 0 0 0 0 1 1
44900 44999 0 0 1 0 1 1 0 0 0 0 0 0 1 1
45000 45099 0 0 1 0 1 1 0 0 0 0 0 0 1 1
45100 45199 0 0 1 0 1 1 0 0 0 0 0 0 1 1
45200 45299 0 0 1 0 1 1 0 0 0 0 0 0 1 1
45300 45399 0 0 1 0 1 1 0 0 0 0 0 0 1 1
45400 45499 0 0 1 0 1 1 0 0 0 0 0 0 1 1
45500 45599 0 0 1 0 1 1 0 0 0 0 0 0 1 1
45600 45699 0 0 1 0 1 1 0 0 0 0 0 0 1 1
45700 45799 0 0 1 1 1 1 0 0 0 0 0 0 1 1
45800 45899 0 0 1 1 1 1 0 0 0 0 0 0 1 1
45900 45999 0 0 1 1 1 1 0 0 0 0 0 0 1 1
46000 46099 0 0 1 1 1 1 0 0 0 0 0 0 0 1
46100 46199 0 0 1 1 1 1 0 0 0 0 0 0 0 1
46200 46299 0 0 1 1 1 1 0 0 0 0 0 0 0 1
46300 46399 0 0 1 1 1 1 0 0 0 0 0 0 0 1
46400 46499 0 0 1 1 1 1 0 0 0 0 0 0 0 1
46500 46599 0 0 1 1 1 1 0 0 0 0 0 0 0 1
46600 46699 0 0 1 1 1 1 0 0 0 0 0 0 0 1
46700 46799 0 0 1 1 1 1 0 0 0 0 0 0 0 1
46800 46899 0 0 1 1 1 1 0 0 0 0 0 0 0 1
46900 46999 0 0 1 1 1 1 0 0 0 0 0 0 0 1
47000 47099 0 0 1 1 1 1 0 0 0 0 0 0 0 1
47100 47199 0 0 1 1 1 1 0 0 0 0 0 0 0 1
47200 47299 0 0 1 1 1 1 0 0 0 0 0 0 0 1
47300 47399 0 0 0 1 1 1 0 0 0 0 0 0 0 1
47400 47499 0 0 0 1 1 1 0 0 0 0 0 0 1 1
47500 47599 0 0 0 0 1 1 0 0 0 0 0 0 1 1
47600 47699 0 0 0 0 1 1 0 0 0 0 0 0 1 1
47700 47799 0 0 0 0 1 1 0 0 0 0 0 0 1 1
47800 47899 0 0 0 0 1 1 0 0 0 0 0 0 1 1
47900 47999 0 0 0 0 1 1 0 0 0 0 0 0 0 1
48000 48099 0 0 0 0 1 1 0 0 0 0 0 0 0 1
48100 48199 0 0 1 0 1 1 0 0 0 0 0 0 0 1
48200 48299 0 0 1 0 1 1 0 0 0 0 0 0 0 1
48300 48399 0 0 1 0 1 1 0 0 0 0 0 0 0 1
48400 48499 0 0 1 0 1 1 0 0 0 0 0 0 0 0
48500 48599 0 0 1 0 1 1 0 0 0 0 0 0 0 0
48600 48699 0 0 1 0 1 1 0 0 0 0 0 0 0 0
48700 48799 0 0 1 0 1 1 0 0 0 0 0 0 0 0
48800 48899 0 0 1 0 1 1 0 0 0 0 0 0 0 0
48900 48999 0 0 1 0 1 1 0 0 0 0 0 0 0 0
49000 49099 0 0 1 1 1 1 0 0 0 0 0 0 0 0
49100 49199 0 0 1 1 1 1 0 0 0 0 0 0 0 0
49200 49299 0 0 1 1 1 1 0 0 0 0 0 0 0 1
49300 49399 0 0 1 1 1 1 0 0 0 0 0 0 0 1
49400 49499 0 0 1 1 1 1 0 0 0 0 0 0 0 1
49500 49599 0 0 1 1 1 1 0 0 0 0 0 0 1 1
49600 49699 0 0 1 1 1 1 0 0 0 0 0 0 0 1
49700 49799 0 0 1 1 1 1 0 0 0 0 0 0 0 1
49800 49899 0 0 1 1 1 1 0 0 0 0 0 0 0 1
49900 49999 0 0 1 1 1 1 0 0 0 0 0 0 0 1
50000 50099 0 0 1 1 1 1 0 0 0 0 0 0 0 1
50100 50199 0 0 1 1 1 1 0 0 0 0 0 0 0 1
50200 50299 0 0 1 0 1 1 0 0 0 0 0 0 0 1
50300 50399 0 0 1 0 1 1 0 0 0 0 0 0 0 1
50400 50499 0 0 1 0 1 1 0 0 0 0 0 0 1 1
50500 50599 0 0 1 0 1 1 0 0 0 0 0 0 1 1
50600 50699 0 0 1 0 1 1 0 0 0 0 0 0 1 1
50700 50799 0 0 1 0 1 1 0 0 0 0 0 0 1 1
50800 50899 0 0 1 0 1 1 0 0 0 0 0 0 1 1
50900 50999 0 0 1 0 1 1 0 0 0 0 0 0 1 1
51000 51099 0 0 1 1 1 1 0 0 0 0 0 0 1 1
51100 51199 0 0 1 1 1 1 0 0 0 0 0 0 1 1
51200 51299 0 0 0 0 1 1 0 0 0 0 0 0 1 1
51300 51399 0 0 0 0 1 1 0 0 0 0 0 0 1 1
51400 51499 0 0 0 0 1 1 0 0 0 0 0 0 1 1
51500 51599 0 0 0 0 1 1 0 0 0 0 0 0 1 1
51600 51699 0 0 0 0 1 1 0 0 0 0 0 0 1 1
51700 51799 0 0 0 0 1 1 0 0 0 0 0 0 1 1
51800 51899 0 0 0 0 1 1 0 0 0 0 0 0 1 1
51900 51999 0 0 0 0 1 1 0 0 0 0 0 0 1 1
52000 52099 0 0 0 1 1 1 0 0 0 0 0 0 1 1
52100 52199 0 0 0 1 1 1 0 0 0 0 0 0 1 1
52200 52299 0 0 0 1 1 1 0 0 0 0 0 0 0 1
52300 52399 0 0 0 1 1 1 0 0 0 0 0 0 0 1
52400 52499 0 0 0 1 1 1 0 0 0 0 0 0 0 1
52500 52599 0 0 0 1 1 1 0 0 0 0 0 0 0 1
52600 52699 0 0 1 1 1 1 0 0 0 0 0 0 0 1
52700 52799 0 0 1 1 1 1 0 0 0 0 0 0 0 1
52800 52899 0 0 1 1 1 1 0 0 0 0 0 0 0 1
52900 52999 0 0 0 1 1 1 0 0 0 0 0 0 0 1
53000 53099 0 0 0 1 1 1 0 0 0 0 0 0 1 1
53100 53199 0 0 0 1 1 1 0 0 0 0 0 0 1 1
53200 53299 0 0 0 1 1 1 0 0 0 0 0 0 0 1
53300 53399 0 0 0 1 1 1 0 0 0 0 0 0 0 1
53400 53499 0 0 0 1 1 1 0 0 0 0 0 0 0 1
53500 53599 0 0 0 1 1 1 0 0 0 0 0 0 0 1
53600 53699 0 0 0 1 1 1 0 0 0 0 0 0 0 1
53700 53799 0 0 0 1 1 1 0 0 0 0 0 0 0 1
53800 53899 0 0 0 1 1 1 0 0 0 0 0 0 0 1
53900 53999 0 0 0 1 1 1 0 0 0 0 0 0 0 1
54000 54099 0 0 0 1 1 1 0 0 0 0 0 0 1 1
54100 54199 0 0 0 1 1 1 0 0 0 0 0 0 1 1
54200 54299 0 0 1 1 1 1 0 0 0 0 0 0 1 1
54300 54399 0 0 1 1 1 1 0 0 0 0 0 0 1 1
54400 54499 0 0 1 1 1 1 0 0 0 0 0 0 1 1
54500 54599 0 0 1 1 1 1 0 0 0 0 0 0 1 1
54600 54699 0 0 1 1 1 1 0 0 0 0 0 0 1 1
54700 54799 0 0 1 1 1 1 0 0 0 0 0 0 1 1
54800 54899 0 0 1 1 1 1 0 0 0 0 0 0 1 1
54900 54999 0 0 1 1 1 1 0 0 0 0 0 0 1 1
55000 55099 0 0 1 1 1 1 0 0 0 0 0 0 1 1
55100 55199 0 0 1 1 1 1 0 0 0 0 0 0 1 1
55200 55299 0 0 0 1 1 1 0 0 0 0 0 0 1 1
55300 55399 0 0 0 1 1 1 0 0 0 0 0 0 1 1
55400 55499 0 0 0 1 1 1 0 0 0 0 0 0 1 1
55500 55599 0 0 0 1 1 1 0 0 0 0 0 0 0 1
55600 55699 0 0 0 1 1 1 0 0 0 0 0 0 0 1
55700 55799 0 0 0 1 1 1 0 0 0 0 0 0 0 1
55800 55899 0 0 0 1 1 1 0 0 0 0 0 0 0 1
55900 55999 0 0 0 1 1 1 0 0 0 0 0 0 0 1
56000 56099 0 0 0 1 1 1 0 0 0 0 0 0 0 1
56100 56199 0 0 0 1 1 1 0 0 0 0 0 0 0 1
56200 56299 0 0 0 1 1 1 0 0 0 0 0 0 0 1
56300 56399 0 0 0 1 1 1 0 0 0 0 0 0 1 1
56400 56499 0 0 0 1 1 1 0 0 0 0 0 0 1 1
56500 56599 0 0 0 1 1 1 0 0 0 0 0 0 1 1
56600 56699 0 0 0 1 1 1 0 0 0 0 0 0 1 1
56700 56799 0 0 0 1 1 1 0 0 0 0 0 0 1 1
56800 56899 0 0 0 1 1 1 0 0 0 0 0 0 1 1
56900 56999 0 0 0 1 1 1 0 0 0 0 0 0 1 1
57000 57099 0 0 0 1 1 1 0 0 0 0 0 0 1 1
57100 57199 0 0 0 1 1 1 0 0 0 0 0 0 1 1
57200 57299 0 0 0 1 1 1 0 0 0 0 0 0 1 1
57300 57399 0 0 0 1 1 1 0 0 0 0 0 0 1 1
57400 57499 0 0 0 1 1 1 0 0 0 0 0 0 1 1
57500 57599 0 0 0 1 1 1 0 0 0 0 0 0 1 1
57600 57699 0 0 0 1 1 1 0 0 0 0 0 0 1 1
57700 57799 0 0 0 1 1 1 0 0 0 0 0 0 1 1
57800 57899 0 0 0 1 1 1 0 0 0 0 0 0 1 1
57900 57999 0 0 0 1 1 1 0 0 0 0 0 0 1 1
58000 58099 0 0 0 1 1 1 0 0 0 0 0 0 1 1
58100 58199 0 0 0 1 1 1 0 0 0 0 0 0 1 1
58200 58299 0 0 0 1 1 1 0 0 0 0 0 0 1 1
58300 58399 0 0 0 1 1 1 0 0 0 0 0 0 1 1
58400 58499 0 0 0 1 1 1 0 0 0 0 0 0 1 1
58500 58599 0 0 0 1 1 1 0 0 0 0 0 0 1 1
58600 58699 0 0 0 1 1 1 0 0 0 0 0 0 1 1
58700 58799 0 0 0 1 1 1 0 0 0 0 0 0 1 1
58800 58899 0 0 0 1 1 1 0 0 0 0 0 0 0 1
58900 58999 0 0 0 1 1 1 0 0 0 0 0 0 0 1
59000 59099 0 0 0 1 1 1 0 0 0 0 0 0 0 1
59100 59199 0 0 0 1 1 1 0 0 0 0 0 0 0 1
59200 59299 0 0 0 1 1 1 0 0 0 0 0 0 0 1
59300 59399 0 0 0 0 1 1 0 0 0 0 0 0 0 1
59400 59499 0 0 0 0 1 1 0 0 0 0 0 0 0 1
59500 59599 0 0 1 0 1 1 0 0 0 0 0 0 0 1
59600 59699 0 0 1 0 1 1 0 0 0 0 0 0 0 1
59700 59799 0 0 1 0 1 1 0 0 0 0 0 0 0 1
59800 59899 0 0 1 0 1 1 0 0 0 0 0 0 0 1
59900 59999 0 0 1 0 1 1 0 0 0 0 0 0 0 1
60000 60099 0 0 1 0 1 1 0 0 0 0 0 0 0 1
60100 60199 0 0 1 1 1 1 0 0 0 0 0 0 0 1
60200 60299 0 0 1 1 1 1 0 0 0 0 0 0 0 1
60300 60399 0 0 1 1 1 1 0 0 0 0 0 0 0 1
60400 60499 0 0 0 1 1 1 0 0 0 0 0 0 0 1
60500 60599 0 0 0 1 1 1 0 0 0 0 0 0 0 1
60600 60699 0 0 0 1 1 1 0 0 0 0 0 0 0 1
60700 60799 0 0 0 1 1 1 0 0 0 0 0 0 0 1
60800 60899 0 0 0 1 1 1 0 0 0 0 0 0 0 0
60900 60999 0 0 0 1 1 1 0 0 0 0 0 0 1 0
61000 61099 0 0 0 1 1 1 0 0 0 0 0 0 1 0
61100 61199 0 0 0 1 1 1 0 0 0 0 0 0 1 0
61200 61299 0 0 0 1 1 1 0 0 0 0 0 0 1 0
61300 61399 0 0 0 1 1 1 0 0 0 0 0 0 1 0
61400 61499 0 0 0 1 1 1 0 0 0 0 0 0 1 0
61500 61599 0 0 0 1 1 1 0 0 0 0 0 0 1 0
61600 61699 0 0 0 1 1 1 0 0 0 0 0 0 1 1
61700 61799 0 0 0 1 1 1 0 0 0 0 0 0 1 0
61800 61899 0 0 0 1 1 1 0 0 0 0 0 0 1 0
61900 61999 0 0 0 1 1 1 0 0 0 0 0 0 1 0
62000 62099 0 0 0 1 1 1 0 0 0 0 0 0 1 0
62100 62199 0 0 0 1 1 1 0 0 0 0 0 0 1 0
62200 62299 0 0 0 1 1 1 0 0 0 0 0 0 1 0
62300 62399 0 0 0 1 1 1 0 0 0 0 0 0 1 0
62400 62499 0 0 0 1 1 1 0 0 0 0 0 0 0 0
62500 62599 0 0 0 1 1 1 0 0 0 0 0 0 0 1
62600 62699 0 0 0 1 1 1 0 0 0 0 0 0 0 1
62700 62799 0 0 0 1 1 1 0 0 0 0 0 0 0 1
62800 62899 0 0 0 1 1 1 0 0 0 0 0 0 0 1
62900 62999 0 0 0 1 1 1 0 0 0 0 0 0 0 1
63000 63099 0 0 0 1 1 1 0 0 0 0 0 0 0 1
63100 63199 0 0 0 1 1 1 0 0 0 0 0 0 0 1
63200 63299 0 0 0 0 1 1 0 0 0 0 0 0 1 1
63300 63399 0 0 0 0 1 1 0 0 0 0 0 0 1 1
63400 63499 0 0 0 0 1 1 0 0 0 0 0 0 1 1
63500 63599 0 0 0 0 1 1 0 0 0 0 0 0 1 0
63600 63699 0 0 0 0 1 1 0 0 0 0 0 0 1 0
63700 63799 0 0 0 0 1 1 0 0 0 0 0 0 1 0
63800 63899 0 0 0 0 1 1 0 0 0 0 0 0 1 0
63900 63999 0 0 0 0 1 1 0 0 0 0 0 0 1 0
64000 64099 0 0 0 0 1 1 0 0 0 0 0 0 1 0
64100 64199 0 0 1 1 1 1 0 0 0 0 0 0 1 0
64200 64299 0 0 1 1 1 1 0 0 0 0 0 0 1 0
64300 64399 0 0 1 1 1 1 0 0 0 0 0 0 1 0
64400 64499 0 0 0 1 1 1 0 0 0 0 0 0 1 0
64500 64599 0 0 0 1 1 1 0 0 0 0 0 0 1 0
64600 64699 0 0 0 1 1 1 0 0 0 0 0 0 1 0
64700 64799 0 0 0 1 1 1 0 0 0 0 0 0 1 0
64800 64899 0 0 0 1 1 1 0 0 0 0 0 0 1 0
64900 64999 0 0 0 1 1 1 0 0 0 0 0 0 1 0
65000 65099 0 0 0 1 1 1 0 0 0 0 0 0 1 0
65100 65199 0 0 0 1 1 1 0 0 0 0 0 0 1 0
65200 65299 0 0 0 1 1 1 0 0 0 0 0 0 1 0
65300 65399 0 0 0 1 1 1 0 0 0 0 0 0 1 1
65400 65499 0 0 1 1 1 1 0 0 0 0 0 0 1 1
65500 65599 0 0 1 1 1 1 0 0 0 0 0 0 1 1
65600 65699 0 0 1 1 1 1 0 0 0 0 0 0 1 1
65700 65799 0 0 1 1 1 1 0 0 0 0 0 0 1 1
65800 65899 0 0 1 1 1 1 0 0 0 0 0 0 1 1
65900 65999 0 0 1 1 1 1 0 0 0 0 0 0 1 1
66000 66099 0 0 1 1 1 1 0 0 0 0 0 0 1 1
66100 66199 0 0 1 1 1 1 0 0 0 0 0 0 1 1
66200 66299 0 0 1 1 1 1 0 0 0 0 0 0 1 1
66300 66399 0 0 1 1 1 1 0 0 0 0 0 0 1 1
66400 66499 0 0 1 1 1 1 0 0 0 0 0 0 1 1
66500 66599 0 0 1 1 1 1 0 0 0 0 0 0 1 1
66600 66699 0 0 0 1 1 1 0 0 0 0 0 0 1 1
66700 66799 0 0 0 1 1 1 0 0 0 0 0 0 1 1
66800 66899 0 0 0 1 1 1 0 0 0 0 0 0 1 1
66900 66999 0 0 0 1 1 1 0 0 0 0 0 0 1 1
67000 67099 0 0 0 1 1 1 0 0 0 0 0 0 1 1
67100 67199 0 0 0 1 1 1 0 0 0 0 0 0 1 1
67200 67299 0 0 0 1 1 1 0 0 0 0 0 0 1 1
67300 67399 0 0 0 1 1 1 0 0 0 0 0 0 1 1
67400 67499 0 0 0 1 1 1 0 0 0 0 0 0 1 1
67500 67599 0 0 0 1 1 1 0 0 0 0 0 0 1 1
67600 67699 0 0 0 1 1 1 0 0 0 0 0 0 1 0
67700 67799 0 0 0 1 1 1 0 0 0 0 0 0 1 0
67800 67899 0 0 0 1 1 1 0 0 0 0 0 0 0 0
67900 67999 0 0 1 1 1 1 0 0 0 0 0 0 0 0
68000 68099 0 0 1 1 1 1 0 0 0 0 0 0 0 0
68100 68199 0 0 0 1 1 1 0 0 0 0 0 0 0 0
68200 68299 0 0 0 1 1 1 0 0 0 0 0 0 0 0
68300 68399 0 0 0 1 1 1 0 0 0 0 0 0 0 0
68400 68499 0 0 0 1 1 1 0 0 0 0 0 0 0 1
68500 68599 0 0 0 1 1 1 0 0 0 0 0 0 0 1
68600 68699 0 0 0 1 1 1 0 0 0 0 0 0 1 1
68700 68799 0 0 0 1 1 1 0 0 0 0 0 0 1 1
68800 68899 0 0 0 1 1 1 0 0 0 0 0 0 1 1
68900 68999 0 0 0 1 1 1 0 0 0 0 0 0 1 1
69000 69099 0 0 0 1 1 1 0 0 0 0 0 0 0 1
69100 69199 0 0 0 1 1 1 0 0 0 0 0 0 0 1
69200 69299 0 0 0 1 1 1 0 0 0 0 0 0 0 1
69300 69399 0 0 0 1 1 1 0 0 0 0 0 0 0 1
69400 69499 0 0 0 1 1 1 0 0 0 0 0 0 0 1
69500 69599 0 0 0 1 1 1 0 0 0 0 0 0 0 1
69600 69699 0 0 0 1 1 1 0 0 0 0 0 0 0 1
69700 69799 0 0 0 1 1 1 0 0 0 0 0 0 0 1
69800 69899 0 0 0 1 1 1 0 0 0 0 0 0 0 1
69900 69999 0 0 0 0 1 1 0 0 0 0 0 0 0 1
70000 70099 0 0 0 0 1 1 0 0 0 0 0 0 0 1
70100 70199 0 0 0 0 1 1 0 0 0 0 0 0 0 1
70200 70299 0 0 0 0 1 1 0 0 0 0 0 0 0 1
70300 70399 0 0 1 0 1 1 0 0 0 0 0 0 0 1
70400 70499 0 0 0 0 1 1 0 0 0 0 0 0 1 1
70500 70599 0 0 0 0 1 1 0 0 0 0 0 0 1 1
70600 70699 0 0 0 0 1 1 0 0 0 0 0 0 1 1
70700 70799 0 0 0 1 1 1 0 0 0 0 0 0 1 1
70800 70899 0 0 0 1 1 1 0 0 0 0 0 0 1 1
70900 70999 0 0 0 0 1 1 0 0 0 0 0 0 0 1
71000 71099 0 0 0 0 1 1 0 0 0 0 0 0 0 1
71100 71199 0 0 0 0 1 1 0 0 0 0 0 0 0 1
71200 71299 0 0 0 0 1 1 0 0 0 0 0 0 0 1
71300 71399 0 0 0 0 1 1 0 0 0 0 0 0 0 1
71400 71499 0 0 0 0 1 1 0 0 0 0 0 0 0 1
71500 71599 0 0 0 0 1 1 0 0 0 0 0 0 0 1
71600 71699 0 0 0 0 1 1 0 0 0 0 0 0 0 1
71700 71799 0 0 0 1 1 1 0 0 0 0 0 0 0 1
71800 71899 0 0 0 1 1 1 0 0 0 0 0 0 1 1
71900 71999 0 0 0 1 1 1 0 0 0 0 0 0 1 1
72000 72099 0 0 0 1 1 1 0 0 0 0 0 0 1 1
72100 72199 0 0 0 1 1 1 0 0 0 0 0 0 1 1
72200 72299 0 0 0 1 1 1 0 0 0 0 0 0 0 1
72300 72399 0 0 0 1 1 1 0 0 0 0 0 0 0 1
72400 72499 0 0 0 1 1 1 0 0 0 0 0 0 0 1
72500 72599 0 0 0 1 1 1 0 0 0 0 0 0 0 1
72600 72699 0 0 0 1 1 1 0 0 0 0 0 0 0 1
72700 72799 0 0 0 1 1 1 0 0 0 0 0 0 0 1
72800 72899 0 0 0 1 1 1 0 0 0 0 0 0 0 1
72900 72999 0 0 0 0 1 1 0 0 0 0 0 0 0 1
73000 73099 0 0 0 0 1 1 0 0 0 0 0 0 0 1
73100 73199 0 0 0 0 1 1 0 0 0 0 0 0 0 1
73200 73299 0 0 0 0 1 1 0 0 0 0 0 0 0 1
73300 73399 0 0 0 0 1 1 0 0 0 0 0 0 0 1
73400 73499 0 0 0 0 1 1 0 0 0 0 0 0 0 1
73500 73599 0 0 0 0 1 1 0 0 0 0 0 0 0 1
73600 73699 0 0 0 0 1 1 0 0 0 0 0 0 1 1
73700 73799 0 0 0 1 1 1 0 0 0 0 0 0 1 1
73800 73899 0 0 0 1 1 1 0 0 0 0 0 0 1 1
73900 73999 0 0 0 1 1 1 0 0 0 0 0 0 1 1
74000 74099 0 0 0 1 1 1 0 0 0 0 0 0 1 1
74100 74199 0 0 1 1 1 1 0 0 0 0 0 0 1 1
74200 74299 0 0 1 1 1 1 0 0 0 0 0 0 1 1
74300 74399 0 0 0 1 1 1 0 0 0 0 0 0 1 1
74400 74499 0 0 0 1 1 1 0 0 0 0 0 0 0 1
74500 74599 0 0 0 1 1 1 0 0 0 0 0 0 0 1
74600 74699 0 0 0 1 1 1 0 0 0 0 0 0 0 1
74700 74799 0 0 0 1 1 1 0 0 0 0 0 0 0 1
74800 74899 0 0 0 1 1 1 0 0 0 0 0 0 0 1
74900 74999 0 0 0 1 1 1 0 0 0 0 0 0 0 1
75000 75099 0 0 0 1 1 1 0 0 0 0 0 0 0 1
75100 75199 0 0 1 1 1 1 0 0 0 0 0 0 0 1
75200 75299 0 0 1 1 1 1 0 0 0 0 0 0 1 1
75300 75399 0 0 1 1 1 1 0 0 0 0 0 0 1 1
75400 75499 0 0 1 1 1 1 0 0 0 0 0 0 1 1
75500 75599 0 0 1 1 1 1 0 0 0 0 0 0 1 1
75600 75699 0 0 1 1 1 1 0 0 0 0 0 0 1 1
75700 75799 0 0 1 1 1 1 0 0 0 0 0 0 0 1
75800 75899 0 0 0 1 1 1 0 0 0 0 0 0 0 1
75900 75999 0 0 0 1 1 1 0 0 0 0 0 0 0 1
76000 76099 0 0 0 1 1 1 0 0 0 0 0 0 0 1
76100 76199 0 0 0 1 1 1 0 0 0 0 0 0 0 1
76200 76299 0 0 0 1 1 1 0 0 0 0 0 0 0 1
76300 76399 0 0 0 1 1 1 0 0 0 0 0 0 0 1
76400 76499 0 0 0 0 1 1 0 0 0 0 0 0 0 1
76500 76599 0 0 0 0 1 1 0 0 0 0 0 0 1 1
76600 76699 0 0 1 0 1 1 0 0 0 0 0 0 1 1
76700 76799 0 0 1 0 1 1 0 0 0 0 0 0 0 1
76800 76899 0 0 1 0 1 1 0 0 0 0 0 0 0 1
76900 76999 0 0 1 0 1 1 0 0 0 0 0 0 0 1
77000 77099 0 0 1 0 1 1 0 0 0 0 0 0 0 1
77100 77199 0 0 1 0 1 1 0 0 0 0 0 0 0 1
77200 77299 0 0 1 1 1 1 0 0 0 0 0 0 0 1
77300 77399 0 0 1 1 1 1 0 0 0 0 0 0 0 1
77400 77499 0 0 1 1 1 1 0 0 0 0 0 0 0 1
77500 77599 0 0 0 0 1 1 0 0 0 0 0 0 0 1
77600 77699 0 0 0 0 1 1 0 0 0 0 0 0 0 1
77700 77799 0 0 0 0 1 1 0 0 0 0 0 0 0 1
77800 77899 0 0 0 0 1 1 0 0 0 0 0 0 0 1
77900 77999 0 0 0 0 1 1 0 0 0 0 0 0 0 1
78000 78099 0 0 0 0 1 1 0 0 0 0 0 0 1 1
78100 78199 0 0 0 0 1 1 0 0 0 0 0 0 1 1
78200 78299 0 0 0 0 1 1 0 0 0 0 0 0 1 1
78300 78399 0 0 0 1 1 1 0 0 0 0 0 0 1 0
78400 78499 0 0 0 1 1 1 0 0 0 0 0 0 1 0
78500 78599 0 0 0 1 1 1 0 0 0 0 0 0 1 0
78600 78699 0 0 0 0 1 1 0 0 0 0 0 0 1 0
78700 78799 0 0 0 0 1 1 0 0 0 0 0 0 1 0
78800 78899 0 0 0 0 1 1 0 0 0 0 0 0 1 0
78900 78999 0 0 0 0 1 1 0 0 0 0 0 0 1 0
79000 79099 0 0 1 0 1 1 0 0 0 0 0 0 1 0
79100 79199 0 0 1 0 1 1 0 0 0 0 0 0 1 1
79200 79299 0 0 1 0 1 1 0 0 0 0 0 0 1 1
79300 79399 0 0 0 0 1 1 0 0 0 0 0 0 1 1
79400 79499 0 0 0 1 1 1 0 0 0 0 0 0 1 1
79500 79599 0 0 0 1 1 1 0 0 0 0 0 0 1 1
79600 79699 0 0 0 1 1 1 0 0 0 0 0 0 1 1
79700 79799 0 0 0 1 1 1 0 0 0 0 0 0 1 1
79800 79899 0 0 0 1 1 1 0 0 0 0 0 0 1 1
79900 79999 0 0 0 1 1 1 0 0 0 0 0 0 1 1
80000 80099 0 0 0 1 1 1 0 0 0 0 0 0 0 1
80100 80199 0 0 0 1 1 1 0 0 0 0 0 0 0 1
80200 80299 0 0 0 1 1 1 0 0 0 0 0 0 0 1
80300 80399 0 0 0 1 1 1 0 0 0 0 0 0 0 1
80400 80499 0 0 0 1 1 1 0 0 0 0 0 0 0 1
80500 80599 0 0 0 1 1 1 0 0 0 0 0 0 0 1
80600 80699 0 0 1 1 1 1 0 0 0 0 0 0 0 1
80700 80799 0 0 1 1 1 1 0 0 0 0 0 0 0 1
80800 80899 0 0 1 1 1 1 0 0 0 0 0 0 1 1
80900 80999 0 0 1 1 1 1 0 0 0 0 0 0 1 1
81000 81099 0 0 1 1 1 1 0 0 0 0 0 0 1 1
81100 81199 0 0 0 1 1 1 0 0 0 0 0 0 1 1
81200 81299 0 0 0 1 1 1 0 0 0 0 0 0 1 1
81300 81399 0 0 0 1 1 1 0 0 0 0 0 0 1 1
81400 81499 0 0 0 1 1 1 0 0 0 0 0 0 1 1
81500 81599 0 0 0 1 1 1 0 0 0 0 0 0 1 1
81600 81699 0 0 0 1 1 1 0 0 0 0 0 0 1 1
81700 81799 0 0 0 1 1 1 0 0 0 0 0 0 1 1
81800 81899 0 0 0 1 1 1 0 0 0 0 0 0 0 1
81900 81999 0 0 0 1 1 1 0 0 0 0 0 0 0 1
82000 82099 0 0 0 1 1 1 0 0 0 0 0 0 0 1
82100 82199 0 0 0 1 1 1 0 0 0 0 0 0 0 1
82200 82299 0 0 0 1 1 1 0 0 0 0 0 0 0 1
82300 82399 0 0 0 1 1 1 0 0 0 0 0 0 0 1
82400 82499 0 0 0 1 1 1 0 0 0 0 0 0 0 1
82500 82599 0 0 0 1 1 1 0 0 0 0 0 0 0 1
82600 82699 0 0 0 1 1 1 0 0 0 0 0 0 1 1
82700 82799 0 0 0 1 1 1 0 0 0 0 0 0 1 1
82800 82899 0 0 0 1 1 1 0 0 0 0 0 0 1 1
82900 82999 0 0 0 1 1 1 0 0 0 0 0 0 1 1
83000 83099 0 0 0 1 1 1 0 0 0 0 0 0 1 1
83100 83199 0 0 0 1 1 1 0 0 0 0 0 0 1 1
83200 83299 0 0 0 1 1 1 0 0 0 0 0 0 1 1
83300 83399 0 0 0 1 1 1 0 0 0 0 0 0 1 1
83400 83499 0 0 0 1 1 1 0 0 0 0 0 0 0 1
83500 83599 0 0 0 1 1 1 0 0 0 0 0 0 0 1
83600 83699 0 0 1 1 1 1 0 0 0 0 0 0 0 1
83700 83799 0 0 1 1 1 1 0 0 0 0 0 0 0 0
83800 83899 0 0 1 1 1 1 0 0 0 0 0 0 0 0
83900 83999 0 0 1 1 1 1 0 0 0 0 0 0 0 0
84000 84099 0 0 1 1 1 1 0 0 0 0 0 0 0 0
84100 84199 0 0 1 1 1 1 0 0 0 0 0 0 0 0
84200 84299 0 0 1 1 1 1 0 0 0 0 0 0 1 0
84300 84399 0 0 1 1 1 1 0 0 0 0 0 0 1 0
84400 84499 0 0 1 1 1 1 0 0 0 0 0 0 1 0
84500 84599 0 0 1 1 1 1 0 0 0 0 0 0 1 1
84600 84699 0 0 0 1 1 1 0 0 0 0 0 0 1 1
84700 84799 0 0 0 1 1 1 0 0 0 0 0 0 1 1
84800 84899 0 0 0 1 1 1 0 0 0 0 0 0 1 1
84900 84999 0 0 0 1 1 1 0 0 0 0 0 0 0 1
85000 85099 0 0 0 1 1 1 0 0 0 0 0 0 0 1
85100 85199 0 0 0 1 1 1 0 0 0 0 0 0 0 1
85200 85299 0 0 0 1 1 1 0 0 0 0 0 0 0 1
85300 85399 0 0 0 1 1 1 0 0 0 0 0 0 0 1
85400 85499 0 0 0 1 1 1 0 0 0 0 0 0 0 1
85500 85599 0 0 0 1 1 1 0 0 0 0 0 0 0 1
85600 85699 0 0 0 1 1 1 0 0 0 0 0 0 0 1
85700 85799 0 0 0 1 1 1 0 0 0 0 0 0 0 1
85800 85899 0 0 0 1 1 1 0 0 0 0 0 0 0 1
85900 85999 0 0 0 1 1 1 0 0 0 0 0 0 0 1
86000 86099 0 0 0 1 1 1 0 0 0 0 0 0 1 1
86100 86199 0 0 0 1 1 1 0 0 0 0 0 0 1 1
86200 86299 0 0 0 1 1 1 0 0 0 0 0 0 1 1
86300 86399 0 0 0 1 1 1 0 0 0 0 0 0 1 1
86400 86499 0 0 0 1 1 1 0 0 0 0 0 0 1 1
86500 86599 0 0 0 1 1 1 0 0 0 0 0 0 1 1
86600 86699 0 0 0 1 1 1 0 0 0 0 0 0 1 1
86700 86799 0 0 0 1 1 1 0 0 0 0 0 0 1 1
86800 86899 0 0 1 1 1 1 0 0 0 0 0 0 1 1
86900 86999 0 0 1 1 1 1 0 0 0 0 0 0 1 1
87000 87099 0 0 1 0 1 1 0 0 0 0 0 0 1 1
87100 87199 0 0 1 0 1 1 0 0 0 0 0 0 1 1
87200 87299 0 0 1 0 1 1 0 0 0 0 0 0 1 1
87300 87399 0 0 1 0 1 1 0 0 0 0 0 0 1 1
87400 87499 0 0 1 0 1 1 0 0 0 0 0 0 1 1
87500 87599 0 0 1 0 1 1 0 0 0 0 0 0 1 1
87600 87699 0 0 1 0 1 1 0 0 0 0 0 0 1 1
87700 87799 0 0 1 0 1 1 0 0 0 0 0 0 1 1
87800 87899 0 0 1 1 1 1 0 0 0 0 0 0 1 1
87900 87999 0 0 1 1 1 1 0 0 0 0 0 0 1 1
88000 88099 0 0 1 1 1 1 0 0 0 0 0 0 1 1
88100 88199 0 0 1 1 1 1 0 0 0 0 0 0 1 1
88200 88299 0 0 1 1 1 1 0 0 0 0 0 0 1 1
88300 88399 0 0 1 1 1 1 0 0 0 0 0 0 1 1
88400 88499 0 0 1 1 1 1 0 0 0 0 0 0 1 1
88500 88599 0 0 1 1 1 1 0 0 0 0 0 0 1 1
88600 88699 0 0 1 1 1 1 0 0 0 0 0 0 1 1
88700 88799 0 0 1 1 1 1 0 0 0 0 0 0 1 1
88800 88899 0 0 1 1 1 1 0 0 0 0 0 0 1 1
88900 88999 0 0 1 1 1 1 0 0 0 0 0 0 1 1
89000 89099 0 0 1 1 1 1 0 0 0 0 0 0 1 1
89100 89199 0 0 1 1 1 1 0 0 0 0 0 0 0 1
89200 89299 0 0 1 1 1 1 0 0 0 0 0 0 0 1
89300 89399 0 0 1 1 1 1 0 0 0 0 0 0 0 1
89400 89499 0 0 1 1 1 1 0 0 0 0 0 0 0 1
89500 89599 0 0 1 1 1 1 0 0 0 0 0 0 0 1
89600 89699 0 0 1 1 1 1 0 0 0 0 0 0 0 1
89700 89799 0 0 1 1 1 1 0 0 0 0 0 0 0 1
89800 89899 0 0 1 1 1 1 0 0 0 0 0 0 0 1
89900 89999 0 0 1 1 1 1 0 0 0 0 0 0 1 1
90000 90099 0 0 1 1 1 1 0 0 0 0 0 0 1 1
90100 90199 0 0 1 1 1 1 0 0 0 0 0 0 1 1
90200 90299 0 0 1 1 1 1 0 0 0 0 0 0 1 1
90300 90399 0 0 1 1 1 1 0 0 0 0 0 0 1 1
90400 90499 0 0 1 1 1 1 0 0 0 0 0 0 1 1
90500 90599 0 0 1 1 1 1 0 0 0 0 0 0 1 1
90600 90699 0 0 1 1 1 1 0 0 0 0 0 0 1 1
90700 90799 0 0 1 0 1 1 0 0 0 0 0 0 1 1
90800 90899 0 0 1 0 1 1 0 0 0 0 0 0 1 1
90900 90999 0 0 1 0 1 1 0 0 0 0 0 0 1 1
91000 91099 0 0 1 0 1 1 0 0 0 0 0 0 1 1
91100 91199 0 0 1 0 1 1 0 0 0 0 0 0 1 0
91200 91299 0 0 1 0 1 1 0 0 0 0 0 0 0 0
91300 91399 0 0 1 0 1 1 0 0 0 0 0 0 0 0
91400 91499 0 0 1 0 1 1 0 0 0 0 0 0 0 0
91500 91599 0 0 0 0 1 1 0 0 0 0 0 0 0 0
91600 91699 0 0 0 0 1 1 0 0 0 0 0 0 0 0
91700 91799 0 0 0 0 1 1 0 0 0 0 0 0 0 0
91800 91899 0 0 0 1 1 1 0 0 0 0 0 0 0 0
91900 91999 0 0 0 1 1 1 0 0 0 0 0 0 0 1
92000 92099 0 0 0 1 1 1 0 0 0 0 0 0 0 1
92100 92199 0 0 0 1 1 1 0 0 0 0 0 0 0 1
92200 92299 0 0 0 1 1 1 0 0 0 0 0 0 0 1
92300 92399 0 0 1 1 1 1 0 0 0 0 0 0 0 1
92400 92499 0 0 1 1 1 1 0 0 0 0 0 0 0 1
92500 92599 0 0 1 1 1 1 0 0 0 0 0 0 0 1
92600 92699 0 0 1 1 1 1 0 0 0 0 0 0 0 1
92700 92799 0 0 1 1 1 1 0 0 0 0 0 0 1 1
92800 92899 0 0 1 1 1 1 0 0 0 0 0 0 1 1
92900 92999 0 0 1 1 1 1 0 0 0 0 0 0 1 1
93000 93099 0 0 1 1 1 1 0 0 0 0 0 0 1 1
93100 93199 0 0 1 1 1 1 0 0 0 0 0 0 1 1
93200 93299 0 0 1 1 1 1 0 0 0 0 0 0 1 1
93300 93399 0 0 1 1 1 1 0 0 0 0 0 0 1 0
93400 93499 0 0 1 1 1 1 0 0 0 0 0 0 1 0
93500 93599 0 0 1 1 1 1 0 0 0 0 0 0 1 0
93600 93699 0 0 1 1 1 1 0 0 0 0 0 0 1 0
93700 93799 0 0 1 1 1 1 0 0 0 0 0 0 1 0
93800 93899 0 0 1 1 1 1 0 0 0 0 0 0 1 0
93900 93999 0 0 1 1 1 1 0 0 0 0 0 0 1 0
94000 94099 0 0 1 1 1 1 0 0 0 0 0 0 0 0
94100 94199 0 0 0 1 1 1 0 0 0 0 0 0 0 1
94200 94299 0 0 0 1 1 1 0 0 0 0 0 0 0 1
94300 94399 0 0 0 1 1 1 0 0 0 0 0 0 0 1
94400 94499 0 0 0 1 1 1 0 0 0 0 0 0 0 1
94500 94599 0 0 0 0 1 1 0 0 0 0 0 0 0 1
94600 94699 0 0 0 0 1 1 0 0 0 0 0 0 0 1
94700 94799 0 0 0 0 1 1 0 0 0 0 0 0 0 1
94800 94899 0 0 0 0 1 1 0 0 0 0 0 0 1 1
94900 94999 0 0 1 0 1 1 0 0 0 0 0 0 1 1
95000 95099 0 0 1 0 1 1 0 0 0 0 0 0 1 1
95100 95199 0 0 1 0 1 1 0 0 0 0 0 0 1 1
95200 95299 0 0 1 0 1 1 0 0 0 0 0 0 1 1
95300 95399 0 0 1 1 1 1 0 0 0 0 0 0 1 1
95400 95499 0 1 1 1 1 1 0 0 0 0 0 0 1 1
95500 95599 0 1 1 1 1 1 0 0 0 0 0 0 1 1
95600 95699 0 0 1 1 1 1 0 0 0 0 0 0 1 1
95700 95799 0 0 1 1 1 1 0 0 0 0 0 0 0 1
95800 95899 0 0 1 1 1 1 0 0 0 0 0 0 0 1
95900 95999 0 0 1 1 1 1 0 0 0 0 0 0 0 1
96000 96099 0 0 1 0 1 1 0 0 0 0 0 0 0 1
96100 96199 0 0 1 0 1 1 0 0 0 0 0 0 0 1
96200 96299 0 0 1 0 1 1 0 0 0 0 0 0 0 1
96300 96399 0 0 1 0 1 1 0 0 0 0 0 0 0 0
96400 96499 0 0 0 0 1 1 0 0 0 0 0 0 0 0
96500 96599 0 0 0 0 1 1 0 0 0 0 0 0 0 0
96600 96699 0 0 0 0 1 1 0 0 0 0 0 0 0 0
96700 96799 0 0 0 0 1 1 0 0 0 0 0 0 0 0
96800 96899 0 0 0 1 1 1 0 0 0 0 0 0 0 0
96900 96999 0 0 0 1 1 1 0 0 0 0 0 0 0 0
97000 97099 0 0 0 1 1 1 0 0 0 0 0 0 0 0
97100 97199 0 0 0 1 1 1 0 0 0 0 0 0 0 1
97200 97299 0 0 0 1 1 1 0 0 0 0 0 0 0 1
97300 97399 0 0 0 1 1 1 0 0 0 0 0 0 0 1
97400 97499 0 0 1 1 1 1 0 0 0 0 0 0 0 1
97500 97599 0 0 1 1 1 1 0 0 0 0 0 0 0 1
97600 97699 0 0 1 1 1 1 0 0 0 0 0 0 1 1
97700 97799 0 0 1 1 1 1 0 0 0 0 0 0 1 1
97800 97899 0 0 1 1 1 1 0 0 0 0 0 0 1 1
97900 97999 0 0 1 1 1 1 0 0 0 0 0 0 1 1
98000 98099 0 0 1 1 1 1 0 0 0 0 0 0 1 1
98100 98199 0 0 1 1 1 1 0 0 0 0 0 0 1 1
98200 98299 0 0 1 1 1 1 0 0 0 0 0 0 1 1
98300 98399 0 0 1 1 1 1 0 0 0 0 0 0 1 1
98400 98499 0 0 1 1 1 1 0 0 0 0 0 0 1 1
98500 98599 0 0 1 1 1 1 0 0 0 0 0 0 1 1
98600 98699 0 0 1 1 1 1 0 0 0 0 0 0 1 1
98700 98799 0 0 1 1 1 1 0 0 0 0 0 0 1 1
98800 98899 0 0 1 0 1 1 0 0 0 0 0 0 1 1
98900 98999 0 0 1 0 1 1 0 0 0 0 0 0 1 1
99000 99099 0 0 1 0 1 1 0 0 0 0 0 0 1 1
99100 99199 0 0 1 0 1 1 0 0 0 0 0 0 1 1
99200 99299 0 0 1 0 1 1 0 0 0 0 0 0 1 1
99300 99399 0 0 1 0 1 1 0 0 0 0 0 0 1 1
99400 99499 0 0 1 0 1 1 0 0 0 0 0 0 1 1
99500 99599 0 0 1 0 1 1 0 0 0 0 0 0 0 1
99600 99699 0 0 1 0 1 1 0 0 0 0 0 0 0 1
99700 99799 0 0 1 0 1 1 0 0 0 0 0 0 0 1
99800 99899 0 0 1 0 1 1 0 0 0 0 0 0 0 1
99900 99999 0 0 1 0 1 1 0 0 0 0 0 0 0 1
100000 100099 0 0 1 1 1 1 0 0 0 0 0 0 0 1
100100 100199 0 0 1 1 1 1 0 0 0 0 0 0 0 1
100200 100299 0 0 1 1 1 1 0 0 0 0 0 0 0 1
100300 100399 0 0 1 1 1 1 0 0 0 0 0 0 1 1
100400 100499 0 0 1 1 1 1 0 0 0 0 0 0 1 1
100500 100599 0 0 1 1 1 1 0 0 0 0 0 0 1 1
100600 100699 0 0 1 1 1 1 0 0 0 0 0 0 1 1
100700 100799 0 0 1 1 1 1 0 0 0 0 0 0 1 1
100800 100899 0 0 0 1 1 1 0 0 0 0 0 0 1 1
100900 100999 0 0 0 1 1 1 0 0 0 0 0 0 1 1
101000 101099 0 0 0 1 1 1 0 0 0 0 0 0 1 1
101100 101199 0 0 0 1 1 1 0 0 0 0 0 0 1 1
101200 101299 0 0 0 1 1 1 0 0 0 0 0 0 1 1
101300 101399 0 0 0 1 1 1 0 0 0 0 0 0 1 1
101400 101499 0 0 0 1 1 1 0 0 0 0 0 0 1 1
101500 101599 0 0 0 1 1 1 0 0 0 0 0 0 0 1
101600 101699 0 0 1 1 1 1 0 0 0 0 0 0 0 1
101700 101799 0 0 1 1 1 1 0 0 0 0 0 0 0 1
101800 101899 0 0 0 1 1 1 0 0 0 0 0 0 0 1
101900 101999 0 0 0 1 1 1 0 0 0 0 0 0 0 1
102000 102099 0 0 0 1 1 1 0 0 0 0 0 0 0 1
102100 102199 0 0 0 1 1 1 0 0 0 0 0 0 0 1
102200 102299 0 0 0 1 1 1 0 0 0 0 0 0 0 1
102300 102399 0 0 0 1 1 1 0 0 0 0 0 0 1 1
102400 102499 0 0 0 1 1 1 0 0 0 0 0 0 1 1
102500 102599 0 0 0 1 1 1 0 0 0 0 0 0 1 1
102600 102699 0 0 1 1 1 1 0 0 0 0 0 0 1 1
102700 102799 0 0 1 1 1 1 0 0 0 0 0 0 1 1
102800 102899 0 0 1 1 1 1 0 0 0 0 0 0 1 1
102900 102999 0 0 1 1 1 1 0 0 0 0 0 0 1 1
103000 103099 0 0 1 1 1 1 0 0 0 0 0 0 1 1
103100 103199 0 0 1 1 1 1 0 0 0 0 0 0 1 1
103200 103299 0 0 0 1 1 1 0 0 0 0 0 0 1 1
103300 103399 0 0 0 1 1 1 0 0 0 0 0 0 1 1
103400 103499 0 0 0 1 1 1 0 0 0 0 0 0 1 1
103500 103599 0 0 0 1 1 1 0 0 0 0 0 0 1 1
103600 103699 0 0 0 1 1 1 0 0 0 0 0 0 1 0
103700 103799 0 0 0 1 1 1 0 0 0 0 0 0 1 0
103800 103899 0 0 0 1 1 1 0 0 0 0 0 0 1 0
103900 103999 0 0 0 1 1 1 0 0 0 0 0 0 1 0
104000 104099 0 0 0 1 1 1 0 0 0 0 0 0 1 0
104100 104199 0 0 0 1 1 1 0 0 0 0 0 0 1 0
104200 104299 0 0 0 1 1 1 0 0 0 0 0 0 1 0
104300 104399 0 0 0 1 1 1 0 0 0 0 0 0 1 0
104400 104499 0 0 0 1 1 1 0 0 0 0 0 0 1 1
104500 104599 0 0 0 1 1 1 0 0 0 0 0 0 1 1
104600 104699 0 0 0 1 1 1 0 0 0 0 0 0 1 1
104700 104799 0 0 0 1 1 1 0 0 0 0 0 0 1 1
104800 104899 0 0 0 0 1 1 0 0 0 0 0 0 1 1
104900 104999 0 0 0 0 1 1 0 0 0 0 0 0 1 1
105000 105099 0 0 0 0 1 1 0 0 0 0 0 0 1 1
105100 105199 0 0 1 0 1 1 0 0 0 0 0 0 0 1
105200 105299 0 0 0 0 1 1 0 0 0 0 0 0 0 1
105300 105399 0 0 0 0 1 1 0 0 0 0 0 0 0 1
105400 105499 0 0 0 0 1 1 0 0 0 0 0 0 0 1
105500 105599 0 0 0 0 1 1 0 0 0 0 0 0 0 1
105600 105699 0 0 0 1 1 1 0 0 0 0 0 0 0 1
105700 105799 0 0 0 1 1 1 0 0 0 0 0 0 0 1
105800 105899 0 0 0 1 1 1 0 0 0 0 0 0 0 1
105900 105999 0 0 0 1 1 1 0 0 0 0 0 0 1 1
106000 106099 0 0 1 1 1 1 0 0 0 0 0 0 1 1
106100 106199 0 0 1 1 1 1 0 0 0 0 0 0 1 1
106200 106299 0 0 1 1 1 1 0 0 0 0 0 0 1 1
106300 106399 0 0 1 1 1 1 0 0 0 0 0 0 1 1
106400 106499 0 0 1 1 1 1 0 0 0 0 0 0 1 1
106500 106599 0 0 0 0 1 1 0 0 0 0 0 0 1 1
106600 106699 0 0 0 0 1 1 0 0 0 0 0 0 1 1
106700 106799 0 0 0 0 1 1 0 0 0 0 0 0 1 1
106800 106899 0 0 0 0 1 1 0 0 0 0 0 0 1 1
106900 106999 0 0 0 0 1 1 0 0 0 0 0 0 1 1
107000 107099 0 0 0 0 1 1 0 0 0 0 0 0 1 1
107100 107199 0 0 0 0 1 1 0 0 0 0 0 0 1 1
107200 107299 0 0 0 0 1 1 0 0 0 0 0 0 1 1
107300 107399 0 0 0 0 1 1 0 0 0 0 0 0 1 1
107400 107499 0 0 1 1 1 1 0 0 0 0 0 0 1 1
107500 107599 0 0 1 1 1 1 0 0 0 0 0 0 1 1
107600 107699 0 0 1 1 1 1 0 0 0 0 0 0 1 1
107700 107799 0 0 1 1 1 1 0 0 0 0 0 0 1 1
107800 107899 0 0 1 1 1 1 0 0 0 0 0 0 1 1
107900 107999 0 0 1 1 1 1 0 0 0 0 0 0 1 1
108000 108099 0 0 1 1 1 1 0 0 0 0 0 0 1 1
108100 108199 0 0 1 1 1 1 0 0 0 0 0 0 1 1
108200 108299 0 0 0 1 1 1 0 0 0 0 0 0 1 1
108300 108399 0 0 0 1 1 1 0 0 0 0 0 0 1 1
108400 108499 0 0 0 1 1 1 0 0 0 0 0 0 1 1
108500 108599 0 0 0 1 1 1 0 0 0 0 0 0 1 1
108600 108699 0 0 0 1 1 1 0 0 0 0 0 0 1 1
108700 108799 0 0 0 1 1 1 0 0 0 0 0 0 1 1
108800 108899 0 0 0 1 1 1 0 0 0 0 0 0 1 1
108900 108999 0 0 0 1 1 1 0 0 0 0 0 0 1 1
109000 109099 0 0 1 1 1 1 0 0 0 0 0 0 1 1
109100 109199 0 0 1 1 1 1 0 0 0 0 0 0 1 1
109200 109299 0 0 1 1 1 1 0 0 0 0 0 0 1 1
109300 109399 0 0 1 1 1 1 0 0 0 0 0 0 1 1
109400 109499 0 0 1 1 1 1 0 0 0 0 0 0 1 1
109500 109599 0 0 1 1 1 1 0 0 0 0 0 0 1 0
109600 109699 0 0 1 1 1 1 0 0 0 0 0 0 1 0
109700 109799 0 0 1 1 1 1 0 0 0 0 0 0 1 0
109800 109899 0 0 1 1 1 1 0 0 0 0 0 0 1 0
109900 109999 0 0 1 1 1 1 0 0 0 0 0 0 1 0
110000 110099 0 0 0 1 1 1 0 0 0 0 0 0 1 0
110100 110199 0 0 0 1 1 1 0 0 0 0 0 0 1 0
110200 110299 0 0 0 0 1 1 0 0 0 0 0 0 0 0
110300 110399 0 0 0 0 1 1 0 0 0 0 0 0 0 0
110400 110499 0 0 0 0 1 1 0 0 0 0 0 0 0 0
110500 110599 0 0 0 0 1 1 0 0 0 0 0 0 0 0
110600 110699 0 0 0 0 1 1 0 0 0 0 0 0 0 0
110700 110799 0 0 0 0 1 1 0 0 0 0 0 0 0 0
110800 110899 0 0 1 0 1 1 0 0 0 0 0 0 0 1
110900 110999 0 0 1 0 1 1 0 0 0 0 0 0 0 1
111000 111099 0 0 0 1 1 1 0 0 0 0 0 0 0 1
111100 111199 0 0 0 1 1 1 0 0 0 0 0 0 0 1
111200 111299 0 0 0 1 1 1 0 0 0 0 0 0 0 1
111300 111399 0 0 0 1 1 1 0 0 0 0 0 0 0 1
111400 111499 0 0 0 1 1 1 0 0 0 0 0 0 0 1
111500 111599 0 0 0 1 1 1 0 0 0 0 0 0 0 1
111600 111699 0 0 0 1 1 1 0 0 0 0 0 0 0 1
111700 111799 0 0 0 1 1 1 0 0 0 0 0 0 1 1
111800 111899 0 0 1 1 1 1 0 0 0 0 0 0 1 1
111900 111999 0 0 1 1 1 1 0 0 0 0 0 0 1 1
112000 112099 0 0 1 1 1 1 0 0 0 0 0 0 1 1
112100 112199 0 0 1 1 1 1 0 0 0 0 0 0 1 1
112200 112299 0 0 1 1 1 1 0 0 0 0 0 0 1 1
112300 112399 0 0 1 0 1 1 0 0 0 0 0 0 1 1
112400 112499 0 0 0 0 1 1 0 0 0 0 0 0 1 1
112500 112599 0 0 0 0 1 1 0 0 0 0 0 0 1 1
112600 112699 0 0 0 0 1 1 0 0 0 0 0 0 1 1
112700 112799 0 0 0 0 1 1 0 0 0 0 0 0 1 1
112800 112899 0 0 0 0 1 1 0 0 0 0 0 0 1 1
112900 112999 0 0 0 0 1 1 0 0 0 0 0 0 1 1
113000 113099 0 0 0 0 1 1 0 0 0 0 0 0 1 1
113100 113199 0 0 0 1 1 1 0 0 0 0 0 0 1 1
113200 113299 0 0 1 1 1 1 0 0 0 0 0 0 1 1
113300 113399 0 0 1 1 1 1 0 0 0 0 0 0 1 1
113400 113499 0 0 1 1 1 1 0 0 0 0 0 0 1 1
113500 113599 0 0 1 1 1 1 0 0 0 0 0 0 1 1
113600 113699 0 0 0 1 1 1 0 0 0 0 0 0 0 1
113700 113799 0 0 0 1 1 1 0 0 0 0 0 0 0 1
113800 113899 0 0 0 1 1 1 0 0 0 0 0 0 0 1
113900 113999 0 0 0 1 1 1 0 0 0 0 0 0 0 1
114000 114099 0 0 0 1 1 1 0 0 0 0 0 0 0 1
114100 114199 0 0 0 1 1 1 0 0 0 0 0 0 0 1
114200 114299 0 0 0 1 1 1 0 0 0 0 0 0 0 1
114300 114399 0 0 0 1 1 1 0 0 0 0 0 0 0 1
114400 114499 0 0 0 1 1 1 0 0 0 0 0 0 1 1
114500 114599 0 0 0 0 1 1 0 0 0 0 0 0 1 1
114600 114699 0 0 0 0 1 1 0 0 0 0 0 0 1 1
114700 114799 0 0 0 0 1 1 0 0 0 0 0 0 1 1
114800 114899 0 0 0 0 1 1 0 0 0 0 0 0 1 1
114900 114999 0 0 0 0 1 1 0 0 0 0 0 0 1 1
115000 115099 0 0 0 0 1 1 0 0 0 0 0 0 1 1
115100 115199 0 0 0 0 1 1 0 0 0 0 0 0 1 1
115200 115299 0 0 0 0 1 1 0 0 0 0 0 0 1 1
115300 115399 0 0 0 1 1 1 0 0 0 0 0 0 1 1
115400 115499 0 0 0 1 1 1 0 0 0 0 0 0 1 1
115500 115599 0 0 0 1 1 1 0 0 0 0 0 0 1 1
115600 115699 0 0 0 1 1 1 0 0 0 0 0 0 1 1
115700 115799 0 0 0 1 1 1 0 0 0 0 0 0 1 1
115800 115899 0 0 0 1 1 1 0 0 0 0 0 0 1 1
115900 115999 0 0 0 1 1 1 0 0 0 0 0 0 1 1
116000 116099 0 0 0 1 1 1 0 0 0 0 0 0 1 1
116100 116199 0 0 0 1 1 1 0 0 0 0 0 0 1 1
116200 116299 0 0 0 1 1 1 0 0 0 0 0 0 1 1
116300 116399 0 0 0 1 1 1 0 0 0 0 0 0 1 1
116400 116499 0 0 0 1 1 1 0 0 0 0 0 0 1 1
116500 116599 0 0 0 1 1 1 0 0 0 0 0 0 1 1
116600 116699 0 0 0 1 1 1 0 0 0 0 0 0 1 1
116700 116799 0 0 0 1 1 1 0 0 0 0 0 0 1 1
116800 116899 0 0 0 1 1 1 0 0 0 0 0 0 1 1
116900 116999 0 0 1 1 1 1 0 0 0 0 0 0 1 1
117000 117099 0 0 0 1 1 1 0 0 0 0 0 0 1 1
117100 117199 0 0 0 1 1 1 0 0 0 0 0 0 1 1
117200 117299 0 0 0 1 1 1 0 0 0 0 0 0 1 1
117300 117399 0 0 0 1 1 1 0 0 0 0 0 0 1 1
117400 117499 0 0 0 1 1 1 0 0 0 0 0 0 1 1
117500 117599 0 0 0 1 1 1 0 0 0 0 0 0 1 1
117600 117699 0 0 0 1 1 1 0 0 0 0 0 0 1 1
117700 117799 0 0 0 1 1 1 0 0 0 0 0 0 1 1
117800 117899 0 0 0 1 1 1 0 0 0 0 0 0 1 1
117900 117999 0 0 0 1 1 1 0 0 0 0 0 0 1 1
118000 118099 0 0 0 1 1 1 0 0 0 0 0 0 0 1
118100 118199 0 0 0 1 1 1 0 0 0 0 0 0 0 1
118200 118299 0 0 0 1 1 1 0 0 0 0 0 0 0 1
118300 118399 0 0 0 1 1 1 0 0 0 0 0 0 0 1
118400 118499 0 0 0 1 1 1 0 0 0 0 0 0 0 1
118500 118599 0 0 0 1 1 1 0 0 0 0 0 0 0 1
118600 118699 0 0 0 1 1 1 0 0 0 0 0 0 0 1
118700 118799 0 0 0 1 1 1 0 0 0 0 0 0 0 1
118800 118899 0 0 0 1 1 1 0 0 0 0 0 0 0 1
118900 118999 0 0 1 1 1 1 0 0 0 0 0 0 0 1
119000 119099 0 0 1 1 1 1 0 0 0 0 0 0 1 1
119100 119199 0 0 1 1 1 1 0 0 0 0 0 0 1 1
119200 119299 0 0 1 1 1 1 0 0 0 0 0 0 1 1
119300 119399 0 0 1 1 1 1 0 0 0 0 0 0 1 1
119400 119499 0 0 1 1 1 1 0 0 0 0 0 0 1 1
119500 119599 0 0 1 1 1 1 0 0 0 0 0 0 1 1
119600 119699 0 0 1 1 1 1 0 0 0 0 0 0 1 1
119700 119799 0 0 1 1 1 1 0 0 0 0 0 0 1 1
119800 119899 0 0 1 1 1 1 0 0 0 0 0 0 1 1
119900 119999 0 0 0 1 1 1 0 0 0 0 0 0 1 1
120000 120099 0 0 0 1 1 1 0 0 0 0 0 0 1 1
120100 120199 0 0 0 1 1 1 0 0 0 0 0 0 1 1
120200 120299 0 0 0 1 1 1 0 0 0 0 0 0 1 1
120300 120399 0 0 0 1 1 1 0 0 0 0 0 0 1 1
120400 120499 0 0 0 1 1 1 0 0 0 0 0 0 1 1
120500 120599 0 0 0 1 1 1 0 0 0 0 0 0 1 1
120600 120699 0 0 0 1 1 1 0 0 0 0 0 0 1 1
120700 120799 0 0 1 1 1 1 0 0 0 0 0 0 1 1
120800 120899 0 0 1 1 1 1 0 0 0 0 0 0 1 1
120900 120999 0 0 1 1 1 1 0 0 0 0 0 0 1 1
121000 121099 0 0 1 1 1 1 0 0 0 0 0 0 1 1
121100 121199 0 0 1 1 1 1 0 0 0 0 0 0 1 1
121200 121299 0 0 0 1 1 1 0 0 0 0 0 0 1 1
121300 121399 0 0 0 1 1 1 0 0 0 0 0 0 1 1
121400 121499 0 0 0 1 1 1 0 0 0 0 0 0 1 1
121500 121599 0 0 0 1 1 1 0 0 0 0 0 0 1 1
121600 121699 0 0 0 1 1 1 0 0 0 0 0 0 1 1
121700 121799 0 0 0 1 1 1 0 0 0 0 0 0 1 1
121800 121899 0 0 0 1 1 1 0 0 0 0 0 0 1 1
121900 121999 0 0 0 1 1 1 0 0 0 0 0 0 1 1
122000 122099 0 0 0 1 1 1 0 0 0 0 0 0 1 1
122100 122199 0 0 0 1 1 1 0 0 0 0 0 0 1 0
122200 122299 0 0 0 1 1 1 0 0 0 0 0 0 1 0
122300 122399 0 0 0 1 1 1 0 0 0 0 0 0 1 0
122400 122499 0 0 0 1 1 1 0 0 0 0 0 0 0 0
122500 122599 0 0 0 1 1 1 0 0 0 0 0 0 0 0
122600 122699 0 0 0 1 1 1 0 0 0 0 0 0 0 0
122700 122799 0 0 1 1 1 1 0 0 0 0 0 0 0 0
122800 122899 0 0 1 1 1 1 0 0 0 0 0 0 0 0
122900 122999 0 0 1 1 1 1 0 0 0 0 0 0 0 1
123000 123099 0 0 1 1 1 1 0 0 0 0 0 0 0 1
123100 123199 0 0 1 1 1 1 0 0 0 0 0 0 0 1
123200 123299 0 0 1 1 1 1 0 0 0 0 0 0 1 1
123300 123399 0 0 1 1 1 1 0 0 0 0 0 0 1 0
123400 123499 0 0 1 1 1 1 0 0 0 0 0 0 1 0
123500 123599 0 0 0 1 1 1 0 0 0 0 0 0 1 0
123600 123699 0 0 0 1 1 1 0 0 0 0 0 0 1 0
123700 123799 0 0 0 1 1 1 0 0 0 0 0 0 1 0
123800 123899 0 0 0 1 1 1 0 0 0 0 0 0 1 0
123900 123999 0 0 0 0 1 1 0 0 0 0 0 0 1 0
124000 124099 0 0 0 0 1 1 0 0 0 0 0 0 1 0
124100 124199 0 0 0 0 1 1 0 0 0 0 0 0 1 1
124200 124299 0 0 0 0 1 1 0 0 0 0 0 0 1 1
124300 124399 0 0 0 0 1 1 0 0 0 0 0 0 1 1
124400 124499 0 0 0 0 1 1 0 0 0 0 0 0 1 1
124500 124599 0 0 0 0 1 1 0 0 0 0 0 0 1 1
124600 124699 0 0 0 0 1 1 0 0 0 0 0 0 1 1
124700 124799 0 0 1 1 1 1 0 0 0 0 0 0 0 1
124800 124899 0 0 1 1 1 1 0 0 0 0 0 0 0 1
124900 124999 0 0 1 1 1 1 0 0 0 0 0 0 0 1
125000 125099 0 0 1 1 1 1 0 0 0 0 0 0 0 1
125100 125199 0 0 1 1 1 1 0 0 0 0 0 0 0 1
125200 125299 0 0 1 1 1 1 0 0 0 0 0 0 0 1
125300 125399 0 0 1 1 1 1 0 0 0 0 0 0 0 1
125400 125499 0 0 1 1 1 1 0 0 0 0 0 0 0 1
125500 125599 0 0 0 1 1 1 0 0 0 0 0 0 1 1
125600 125699 0 0 0 1 1 1 0 0 0 0 0 0 1 1
125700 125799 0 0 0 0 1 1 0 0 0 0 0 0 1 1
125800 125899 0 0 0 0 1 1 0 0 0 0 0 0 1 1
125900 125999 0 0 0 0 1 1 0 0 0 0 0 0 1 1
126000 126099 0 0 0 0 1 1 0 0 0 0 0 0 1 1
126100 126199 0 0 0 0 1 1 0 0 0 0 0 0 1 1
126200 126299 0 0 0 0 1 1 0 0 0 0 0 0 1 1
126300 126399 0 0 0 0 1 1 0 0 0 0 0 0 1 1
126400 126499 0 0 0 0 1 1 0 0 0 0 0 0 1 1
126500 126599 0 0 0 1 1 1 0 0 0 0 0 0 1 1
126600 126699 0 0 0 1 1 1 0 0 0 0 0 0 1 1
126700 126799 0 0 0 1 1 1 0 0 0 0 0 0 1 1
126800 126899 0 0 0 1 1 1 0 0 0 0 0 0 1 1
126900 126999 0 0 0 1 1 1 0 0 0 0 0 0 1 1
127000 127099 0 0 0 1 1 1 0 0 0 0 0 0 1 1
127100 127199 0 0 1 1 1 1 0 0 0 0 0 0 1 1
127200 127299 0 0 1 1 1 1 0 0 0 0 0 0 1 1
127300 127399 0 0 1 1 1 1 0 0 0 0 0 0 1 1
127400 127499 0 0 1 1 1 1 0 0 0 0 0 0 1 1
127500 127599 0 0 1 1 1 1 0 0 0 0 0 0 1 1
127600 127699 0 0 1 1 1 1 0 0 0 0 0 0 1 1
127700 127799 0 0 1 1 1 1 0 0 0 0 0 0 1 1
127800 127899 0 0 1 1 1 1 0 0 0 0 0 0 1 1
127900 127999 0 0 1 1 1 1 0 0 0 0 0 0 1 1
128000 128099 0 0 1 1 1 1 0 0 0 0 0 0 1 1
128100 128199 0 0 1 1 1 1 0 0 0 0 0 0 1 1
128200 128299 0 0 1 1 1 1 0 0 0 0 0 0 1 1
128300 128399 0 0 1 1 1 1 0 0 0 0 0 0 1 1
128400 128499 0 0 1 1 1 1 0 0 0 0 0 0 1 1
128500 128599 0 0 1 1 1 1 0 0 0 0 0 0 1 1
128600 128699 0 0 1 1 1 1 0 0 0 0 0 0 1 1
128700 128799 0 0 1 1 1 1 0 0 0 0 0 0 1 1
128800 128899 0 0 1 1 1 1 0 0 0 0 0 0 1 1
128900 128999 0 0 1 1 1 1 0 0 0 0 0 0 1 1
129000 129099 0 0 1 1 1 1 0 0 0 0 0 0 1 1
129100 129199 0 0 1 1 1 1 0 0 0 0 0 0 1 1
129200 129299 0 0 0 0 1 1 0 0 0 0 0 0 1 1
129300 129399 0 0 0 0 1 1 0 0 0 0 0 0 1 1
129400 129499 0 0 0 0 1 1 0 0 0 0 0 0 1 1
129500 129599 0 0 0 0 1 1 0 0 0 0 0 0 1 1
129600 129699 0 0 0 0 1 1 0 0 0 0 0 0 1 1
129700 129799 0 0 0 0 1 1 0 0 0 0 0 0 1 1
129800 129899 0 0 0 0 1 1 0 0 0 0 0 0 1 1
129900 129999 0 0 0 0 1 1 0 0 0 0 0 0 1 1
130000 130099 0 0 0 0 1 1 0 0 0 0 0 0 1 1
130100 130199 0 0 0 0 1 1 0 0 0 0 0 0 1 1
130200 130299 0 0 0 1 1 1 0 0 0 0 0 0 1 1
130300 130399 0 0 0 1 1 1 0 0 0 0 0 0 1 1
130400 130499 0 0 0 1 1 1 0 0 0 0 0 0 1 1
130500 130599 0 0 0 1 1 1 0 0 0 0 0 0 1 1
130600 130699 0 0 0 1 1 1 0 0 0 0 0 0 1 1
130700 130799 0 0 0 1 1 1 0 0 0 0 0 0 1 1
130800 130899 0 0 1 1 1 1 0 0 0 0 0 0 1 1
130900 130999 0 0 0 0 1 1 0 0 0 0 0 0 1 1
131000 131099 0 0 0 0 1 1 0 0 0 0 0 0 1 1
131100 131199 0 0 0 0 1 1 0 0 0 0 0 0 1 1
131200 131299 0 0 0 0 1 1 0 0 0 0 0 0 1 1
131300 131399 0 0 0 0 1 1 0 0 0 0 0 0 1 1
131400 131499 0 0 0 0 1 1 0 0 0 0 0 0 1 1
131500 131599 0 0 0 0 1 1 0 0 0 0 0 0 1 1
131600 131699 0 0 0 0 1 1 0 0 0 0 0 0 1 1
131700 131799 0 0 0 1 1 1 0 0 0 0 0 0 1 1
131800 131899 0 0 0 1 1 1 0 0 0 0 0 0 1 1
131900 131999 0 0 0 1 1 1 0 0 0 0 0 0 1 1
132000 132099 0 0 1 1 1 1 0 0 0 0 0 0 1 1
132100 132199 0 0 1 1 1 1 0 0 0 0 0 0 1 1
132200 132299 0 0 1 1 1 1 0 0 0 0 0 0 1 0
132300 132399 0 0 1 1 1 1 0 0 0 0 0 0 1 0
132400 132499 0 0 1 1 1 1 0 0 0 0 0 0 1 0
132500 132599 0 0 1 1 1 1 0 0 0 0 0 0 1 0
132600 132699 0 0 1 1 1 1 0 0 0 0 0 0 1 0
132700 132799 0 0 1 1 1 1 0 0 0 0 0 0 1 0
132800 132899 0 0 1 1 1 1 0 0 0 0 0 0 1 0
132900 132999 0 0 1 1 1 1 0 0 0 0 0 0 0 0
133000 133099 0 0 1 1 1 1 0 0 0 0 0 0 0 1
133100 133199 0 0 1 1 1 1 0 0 0 0 0 0 0 1
133200 133299 0 0 1 1 1 1 0 0 0 0 0 0 0 1
133300 133399 0 0 1 1 1 1 0 0 0 0 0 0 0 1
133400 133499 0 0 1 1 1 1 0 0 0 0 0 0 0 1
133500 133599 0 0 0 1 1 1 0 0 0 0 0 0 0 1
133600 133699 0 0 0 0 1 1 0 0 0 0 0 0 0 1
133700 133799 0 0 0 0 1 1 0 0 0 0 0 0 1 1
133800 133899 0 0 0 0 1 1 0 0 0 0 0 0 1 1
133900 133999 0 0 0 0 1 1 0 0 0 0 0 0 1 1
134000 134099 0 0 0 0 1 1 0 0 0 0 0 0 1 1
134100 134199 0 0 0 0 1 1 0 0 0 0 0 0 1 1
134200 134299 0 0 0 0 1 1 0 0 0 0 0 0 1 1
134300 134399 0 0 1 0 1 1 0 0 0 0 0 0 1 1
134400 134499 0 0 1 1 1 1 0 0 0 0 0 0 1 1
134500 134599 0 0 0 1 1 1 0 0 0 0 0 0 0 1
134600 134699 0 0 0 1 1 1 0 0 0 0 0 0 0 1
134700 134799 0 0 0 1 1 1 0 0 0 0 0 0 0 1
134800 134899 0 0 0 1 1 1 0 0 0 0 0 0 0 1
134900 134999 0 0 0 1 1 1 0 0 0 0 0 0 0 1
135000 135099 0 0 0 1 1 1 0 0 0 0 0 0 0 1
135100 135199 0 0 0 1 1 1 0 0 0 0 0 0 0 1
135200 135299 0 0 0 1 1 1 0 0 0 0 0 0 0 1
135300 135399 0 0 0 1 1 1 0 0 0 0 0 0 0 1
135400 135499 0 0 0 1 1 1 0 0 0 0 0 0 0 1
135500 135599 0 0 0 1 1 1 0 0 0 0 0 0 0 1
135600 135699 0 0 1 1 1 1 0 0 0 0 0 0 0 1
135700 135799 0 0 0 1 1 1 0 0 0 0 0 0 0 1
135800 135899 0 0 0 1 1 1 0 0 0 0 0 0 1 1
135900 135999 0 0 0 1 1 1 0 0 0 0 0 0 1 1
136000 136099 0 0 0 1 1 1 0 0 0 0 0 0 1 1
136100 136199 0 0 0 1 1 1 0 0 0 0 0 0 1 1
136200 136299 0 0 0 1 1 1 0 0 0 0 0 0 1 1
136300 136399 0 0 0 1 1 1 0 0 0 0 0 0 1 1
136400 136499 0 0 0 1 1 1 0 0 0 0 0 0 1 1
136500 136599 0 0 0 1 1 1 0 0 0 0 0 0 1 1
136600 136699 0 0 0 1 1 1 0 0 0 0 0 0 1 1
136700 136799 0 0 0 1 1 1 0 0 0 0 0 0 1 1
136800 136899 0 0 0 1 1 1 0 0 0 0 0 0 1 1
136900 136999 0 0 0 1 1 1 0 0 0 0 0 0 1 1
137000 137099 0 0 0 1 1 1 0 0 0 0 0 0 1 0
137100 137199 0 0 0 0 1 1 0 0 0 0 0 0 1 0
137200 137299 0 0 0 0 1 1 0 0 0 0 0 0 0 0
137300 137399 0 0 0 0 1 1 0 0 0 0 0 0 0 0
137400 137499 0 0 0 0 1 1 0 0 0 0 0 0 0 0
137500 137599 0 0 0 0 1 1 0 0 0 0 0 0 0 0
137600 137699 0 0 0 0 1 1 0 0 0 0 0 0 0 0
137700 137799 0 0 1 0 1 1 0 0 0 0 0 0 0 0
137800 137899 0 0 1 0 1 1 0 0 0 0 0 0 0 1
137900 137999 0 0 1 0 1 1 0 0 0 0 0 0 0 1
138000 138099 0 0 1 0 1 1 0 0 0 0 0 0 0 1
138100 138199 0 0 1 0 1 1 0 0 0 0 0 0 1 1
138200 138299 0 0 1 0 1 1 0 0 0 0 0 0 1 1
138300 138399 0 0 1 0 1 1 0 0 0 0 0 0 1 1
138400 138499 0 0 1 0 1 1 0 0 0 0 0 0 1 1
138500 138599 0 0 1 0 1 1 0 0 0 0 0 0 1 1
138600 138699 0 0 0 0 1 1 0 0 0 0 0 0 1 1
138700 138799 0 0 0 1 1 1 0 0 0 0 0 0 0 1
138800 138899 0 0 0 1 1 1 0 0 0 0 0 0 0 1
138900 138999 0 0 0 1 1 1 0 0 0 0 0 0 0 1
139000 139099 0 0 0 1 1 1 0 0 0 0 0 0 0 1
139100 139199 0 0 0 1 1 1 0 0 0 0 0 0 0 1
139200 139299 0 0 0 1 1 1 0 0 0 0 0 0 0 1
139300 139399 0 0 0 1 1 1 0 0 0 0 0 0 0 1
139400 139499 0 0 0 1 1 1 0 0 0 0 0 0 0 1
139500 139599 0 0 0 1 1 1 0 0 0 0 0 0 1 1
139600 139699 0 0 0 1 1 1 0 0 0 0 0 0 1 1
139700 139799 0 0 1 1 1 1 0 0 0 0 0 0 1 1
139800 139899 0 0 1 1 1 1 0 0 0 0 0 0 0 1
139900 139999 0 0 0 1 1 1 0 0 0 0 0 0 0 1
140000 140099 0 0 0 1 1 1 0 0 0 0 0 0 0 1
140100 140199 0 0 0 1 1 1 0 0 0 0 0 0 0 1
140200 140299 0 0 0 1 1 1 0 0 0 0 0 0 0 1
140300 140399 0 0 0 1 1 1 0 0 0 0 0 0 0 1
140400 140499 0 0 0 1 1 1 0 0 0 0 0 0 0 1
140500 140599 0 0 0 1 1 1 0 0 0 0 0 0 0 1
140600 140699 0 0 0 1 1 1 0 0 0 0 0 0 0 1
140700 140799 0 0 1 1 1 1 0 0 0 0 0 0 0 1
140800 140899 0 0 1 1 1 1 0 0 0 0 0 0 1 1
140900 140999 0 0 1 1 1 1 0 0 0 0 0 0 1 1
141000 141099 0 0 1 1 1 1 0 0 0 0 0 0 1 1
141100 141199 0 0 1 1 1 1 0 0 0 0 0 0 1 1
141200 141299 0 0 1 1 1 1 0 0 0 0 0 0 1 1
141300 141399 0 0 1 1 1 1 0 0 0 0 0 0 1 1
141400 141499 0 0 1 1 1 1 0 0 0 0 0 0 1 1
141500 141599 0 0 1 1 1 1 0 0 0 0 0 0 1 1
141600 141699 0 0 1 1 1 1 0 0 0 0 0 0 1 1
141700 141799 0 0 0 1 1 1 0 0 0 0 0 0 1 1
141800 141899 0 0 0 1 1 1 0 0 0 0 0 0 1 1
141900 141999 0 0 0 1 1 1 0 0 0 0 0 0 1 1
142000 142099 0 0 0 1 1 1 0 0 0 0 0 0 1 1
142100 142199 0 0 0 1 1 1 0 0 0 0 0 0 1 0
142200 142299 0 0 0 1 1 1 0 0 0 0 0 0 1 0
142300 142399 0 0 0 1 1 1 0 0 0 0 0 0 1 0
142400 142499 0 0 0 1 1 1 0 0 0 0 0 0 1 0
142500 142599 0 0 1 1 1 1 0 0 0 0 0 0 1 0
142600 142699 0 0 1 1 1 1 0 0 0 0 0 0 1 0
142700 142799 0 0 1 1 1 1 0 0 0 0 0 0 1 0
142800 142899 0 0 1 1 1 1 0 0 0 0 0 0 1 0
142900 142999 0 0 1 1 1 1 0 0 0 0 0 0 1 1
143000 143099 0 0 1 1 1 1 0 0 0 0 0 0 1 1
143100 143199 0 0 1 1 1 1 0 0 0 0 0 0 1 1
143200 143299 0 0 1 1 1 1 0 0 0 0 0 0 1 1
143300 143399 0 0 1 1 1 1 0 0 0 0 0 0 1 1
143400 143499 0 0 0 1 1 1 0 0 0 0 0 0 1 1
143500 143599 0 0 0 1 1 1 0 0 0 0 0 0 1 1
143600 143699 0 0 0 1 1 1 0 0 0 0 0 0 1 1
143700 143799 0 0 0 1 1 1 0 0 0 0 0 0 1 1
143800 143899 0 0 0 1 1 1 0 0 0 0 0 0 1 1
143900 143999 0 0 0 1 1 1 0 0 0 0 0 0 1 1
144000 144099 0 0 0 1 1 1 0 0 0 0 0 0 1 1
144100 144199 0 0 0 1 1 1 0 0 0 0 0 0 1 1
144200 144299 0 0 1 1 1 1 0 0 0 0 0 0 1 1
144300 144399 0 0 1 0 1 1 0 0 0 0 0 0 1 1
144400 144499 0 0 1 0 1 1 0 0 0 0 0 0 1 1
144500 144599 0 0 1 0 1 1 0 0 0 0 0 0 1 1
144600 144699 0 0 1 0 1 1 0 0 0 0 0 0 1 1
144700 144799 0 0 1 0 1 1 0 0 0 0 0 0 1 1
144800 144899 0 0 1 0 1 1 0 0 0 0 0 0 1 1
144900 144999 0 0 1 0 1 1 0 0 0 0 0 0 1 1
145000 145099 0 0 1 0 1 1 0 0 0 0 0 0 1 1
145100 145199 0 0 0 0 1 1 0 0 0 0 0 0 1 1
145200 145299 0 0 0 0 1 1 0 0 0 0 0 0 1 1
145300 145399 0 0 0 0 1 1 0 0 0 0 0 0 1 1
145400 145499 0 0 0 0 1 1 0 0 0 0 0 0 1 1
145500 145599 0 0 0 0 1 1 0 0 0 0 0 0 1 1
145600 145699 0 0 0 0 1 1 0 0 0 0 0 0 1 1
145700 145799 0 0 0 0 1 1 0 0 0 0 0 0 1 1
145800 145899 0 0 0 0 1 1 0 0 0 0 0 0 1 1
145900 145999 0 0 1 0 1 1 0 0 0 0 0 0 1 1
146000 146099 0 0 1 0 1 1 0 0 0 0 0 0 1 1
146100 146199 0 0 1 0 1 1 0 0 0 0 0 0 1 1
146200 146299 0 0 1 0 1 1 0 0 0 0 0 0 1 1
146300 146399 0 0 1 1 1 1 0 0 0 0 0 0 1 1
146400 146499 0 0 1 1 1 1 0 0 0 0 0 0 1 1
146500 146599 0 0 1 1 1 1 0 0 0 0 0 0 1 1
146600 146699 0 0 1 1 1 1 0 0 0 0 0 0 1 1
146700 146799 0 0 1 1 1 1 0 0 0 0 0 0 1 1
146800 146899 0 0 1 0 1 1 0 0 0 0 0 0 1 1
146900 146999 0 0 1 0 1 1 0 0 0 0 0 0 1 1
147000 147099 0 0 1 0 1 1 0 0 0 0 0 0 1 1
147100 147199 0 0 1 0 1 1 0 0 0 0 0 0 1 0
147200 147299 0 0 1 0 1 1 0 0 0 0 0 0 1 0
147300 147399 0 0 1 0 1 1 0 0 0 0 0 0 0 0
147400 147499 0 0 1 0 1 1 0 0 0 0 0 0 0 0
147500 147599 0 0 1 0 1 1 0 0 0 0 0 0 0 0
147600 147699 0 0 1 0 1 1 0 0 0 0 0 0 0 0
147700 147799 0 0 1 0 1 1 0 0 0 0 0 0 0 0
147800 147899 0 0 1 0 1 1 0 0 0 0 0 0 0 0
147900 147999 0 0 1 0 1 1 0 0 0 0 0 0 0 0
148000 148099 0 0 0 0 1 1 0 0 0 0 0 0 0 1
148100 148199 0 0 0 0 1 1 0 0 0 0 0 0 1 1
148200 148299 0 0 0 0 1 1 0 0 0 0 0 0 1 1
148300 148399 0 0 0 0 1 1 0 0 0 0 0 0 1 1
148400 148499 0 0 0 0 1 1 0 0 0 0 0 0 1 1
148500 148599 0 0 0 0 1 1 0 0 0 0 0 0 1 1
148600 148699 0 0 0 0 1 1 0 0 0 0 0 0 1 1
148700 148799 0 0 0 0 1 1 0 0 0 0 0 0 1 1
148800 148899 0 0 1 0 1 1 0 0 0 0 0 0 1 1
148900 148999 0 0 0 0 1 1 0 0 0 0 0 0 1 1
149000 149099 0 0 0 1 1 1 0 0 0 0 0 0 1 1
149100 149199 0 0 0 1 1 1 0 0 0 0 0 0 1 1
149200 149299 0 0 0 1 1 1 0 0 0 0 0 0 0 1
149300 149399 0 0 0 1 1 1 0 0 0 0 0 0 0 1
149400 149499 0 0 0 1 1 1 0 0 0 0 0 0 0 1
149500 149599 0 0 0 1 1 1 0 0 0 0 0 0 0 1
149600 149699 0 0 0 1 1 1 0 0 0 0 0 0 0 1
149700 149799 0 0 0 1 1 1 0 0 0 0 0 0 0 1
149800 149899 0 0 0 1 1 1 0 0 0 0 0 0 0 1
149900 149999 0 0 0 1 1 1 0 0 0 0 0 0 0 1
150000 150099 0 0 1 1 1 1 0 0 0 0 0 0 1 0
150100 150199 0 0 1 1 1 1 0 0 0 0 0 0 0 0
150200 150299 0 0 1 1 1 1 0 0 0 0 0 0 0 0
150300 150399 0 0 1 1 1 1 0 0 0 0 0 0 0 0
150400 150499 0 0 1 1 1 1 0 0 0 0 0 0 0 0
150500 150599 0 0 1 1 1 1 0 0 0 0 0 0 0 0
150600 150699 0 0 1 1 1 1 0 0 0 0 0 0 0 0
150700 150799 0 0 1 1 1 1 0 0 0 0 0 0 0 0
150800 150899 0 0 1 1 1 1 0 0 0 0 0 0 0 0
150900 150999 0 0 1 1 1 1 0 0 0 0 0 0 1 0
151000 151099 0 0 1 1 1 1 0 0 0 0 0 0 1 0
151100 151199 0 0 1 1 1 1 0 0 0 0 0 0 1 0
151200 151299 0 0 1 1 1 1 0 0 0 0 0 0 0 0
151300 151399 0 0 1 1 1 1 0 0 0 0 0 0 0 0
151400 151499 0 0 1 1 1 1 0 0 0 0 0 0 0 0
151500 151599 0 0 1 1 1 1 0 0 0 0 0 0 0 0
151600 151699 0 0 1 1 1 1 0 0 0 0 0 0 0 0
151700 151799 0 0 1 1 1 1 0 0 0 0 0 0 0 0
151800 151899 0 0 1 1 1 1 0 0 0 0 0 0 0 0
151900 151999 0 0 1 1 1 1 0 0 0 0 0 0 0 0
152000 152099 0 0 1 1 1 1 0 0 0 0 0 0 1 0
152100 152199 0 0 1 1 1 1 0 0 0 0 0 0 1 0
152200 152299 0 0 1 1 1 1 0 0 0 0 0 0 1 1
152300 152399 0 0 1 1 1 1 0 0 0 0 0 0 1 1
152400 152499 0 0 1 1 1 1 0 0 0 0 0 0 1 1
152500 152599 0 0 1 1 1 1 0 0 0 0 0 0 1 1
152600 152699 0 0 1 1 1 1 0 0 0 0 0 0 1 1
152700 152799 0 0 1 1 1 1 0 0 0 0 0 0 1 1
152800 152899 0 0 1 1 1 1 0 0 0 0 0 0 1 1
152900 152999 0 0 1 1 1 1 0 0 0 0 0 0 0 1
153000 153099 0 0 1 1 1 1 0 0 0 0 0 0 0 1
153100 153199 0 0 1 1 1 1 0 0 0 0 0 0 0 1
153200 153299 0 0 1 1 1 1 0 0 0 0 0 0 0 1
153300 153399 0 0 1 1 1 1 0 0 0 0 0 0 0 1
153400 153499 0 0 0 1 1 1 0 0 0 0 0 0 0 1
153500 153599 0 0 0 1 1 1 0 0 0 0 0 0 0 1
153600 153699 0 0 0 1 1 1 0 0 0 0 0 0 0 0
153700 153799 0 0 0 1 1 1 0 0 0 0 0 0 1 0
153800 153899 0 0 0 1 1 1 0 0 0 0 0 0 1 0
153900 153999 0 0 0 1 1 1 0 0 0 0 0 0 1 0
154000 154099 0 0 0 1 1 1 0 0 0 0 0 0 1 0
154100 154199 0 0 0 1 1 1 0 0 0 0 0 0 1 0
154200 154299 0 0 1 1 1 1 0 0 0 0 0 0 1 0
154300 154399 0 0 1 1 1 1 0 0 0 0 0 0 1 0
154400 154499 0 0 0 1 1 1 0 0 0 0 0 0 1 1
154500 154599 0 0 0 1 1 1 0 0 0 0 0 0 1 1
154600 154699 0 0 0 1 1 1 0 0 0 0 0 0 1 1
154700 154799 0 0 0 1 1 1 0 0 0 0 0 0 1 1
154800 154899 0 0 0 1 1 1 0 0 0 0 0 0 1 1
154900 154999 0 0 0 1 1 1 0 0 0 0 0 0 1 1
