0 99 1 1 1 1 1 1 0 0 0 0 0 0 0 0
100 199 1 1 1 1 1 1 0 0 0 0 0 0 0 0
200 299 1 1 1 1 1 1 0 0 0 0 0 0 0 0
300 399 1 1 1 1 1 1 0 0 0 0 0 0 0 0
400 499 1 1 1 1 1 1 0 0 0 0 0 0 0 0
500 599 1 1 1 1 1 1 0 0 0 0 0 0 0 0
600 699 1 1 1 1 1 1 0 0 0 0 0 0 0 0
700 799 1 1 1 1 1 1 0 0 0 0 0 0 0 0
800 899 1 1 1 1 1 1 0 0 0 0 0 0 0 0
900 999 1 1 1 1 1 1 0 0 0 0 0 0 0 0
1000 1099 1 1 1 1 1 1 0 0 0 0 0 0 0 0
1100 1199 1 1 1 1 1 1 0 0 0 0 0 0 0 0
1200 1299 1 1 1 1 1 1 0 0 0 0 0 0 0 0
1300 1399 1 1 1 1 1 1 0 0 0 0 0 0 0 0
1400 1499 1 1 1 1 1 1 0 0 0 0 0 0 0 0
1500 1599 1 1 1 1 1 1 0 0 0 0 0 0 0 0
1600 1699 1 1 1 1 1 1 0 0 0 0 0 0 0 0
1700 1799 1 1 1 1 1 1 0 0 0 0 0 0 0 0
1800 1899 1 1 1 1 1 1 0 0 0 0 0 0 0 0
1900 1999 1 1 1 1 1 1 0 0 0 0 0 0 0 0
2000 2099 1 1 1 1 1 1 0 0 0 0 0 0 0 0
2100 2199 1 1 1 1 1 1 0 0 0 0 0 0 0 0
2200 2299 1 1 1 1 1 1 0 0 0 0 0 0 0 0
2300 2399 1 1 1 1 1 1 0 0 0 0 0 0 0 0
2400 2499 1 1 1 1 1 1 0 0 0 0 0 0 0 0
2500 2599 1 1 1 1 1 1 0 0 0 0 0 0 0 0
2600 2699 1 1 1 1 1 1 0 0 0 0 0 0 0 0
2700 2799 1 1 1 1 1 1 0 0 0 0 0 0 0 0
2800 2899 1 1 1 1 1 1 0 0 0 0 0 0 0 0
2900 2999 1 1 1 1 1 1 0 0 0 0 0 0 0 0
3000 3099 1 1 1 1 1 1 0 0 0 0 0 0 0 0
3100 3199 1 1 1 1 1 1 0 0 0 0 0 0 0 0
3200 3299 1 1 1 1 1 1 0 0 0 0 0 0 0 0
3300 3399 1 1 1 1 1 1 0 0 0 0 0 0 0 0
3400 3499 1 1 1 1 1 1 0 0 0 0 0 0 0 0
3500 3599 1 1 1 1 1 1 0 0 0 0 0 0 0 0
3600 3699 1 1 1 1 1 1 0 0 0 0 0 0 0 0
3700 3799 1 1 1 1 1 1 0 0 0 0 0 0 0 0
3800 3899 1 1 1 1 1 1 0 0 0 0 0 0 0 0
3900 3999 1 1 1 1 1 1 0 0 0 0 0 0 0 0
4000 4099 1 1 1 1 1 1 0 0 0 0 0 0 0 0
4100 4199 1 1 1 1 1 1 0 0 0 0 0 0 0 0
4200 4299 1 1 1 1 1 1 0 0 0 0 0 0 0 0
4300 4399 1 1 1 1 1 1 0 0 0 0 0 0 0 0
4400 4499 1 1 1 1 1 1 0 0 0 0 0 0 0 0
4500 4599 1 1 1 1 1 1 0 0 0 0 0 0 0 0
4600 4699 1 1 1 1 1 1 0 0 0 0 0 0 0 0
4700 4799 1 1 1 1 1 1 0 0 0 0 0 0 0 0
4800 4899 1 1 1 1 1 1 0 0 0 0 0 0 0 0
4900 4999 1 1 1 1 1 1 0 0 0 0 0 0 0 0
5000 5099 1 1 1 1 1 1 0 0 0 0 0 0 0 0
5100 5199 1 1 1 1 1 1 0 0 0 0 0 0 0 0
5200 5299 1 1 1 1 1 1 0 0 0 0 0 0 0 0
5300 5399 1 1 1 1 1 1 0 0 0 0 0 0 0 0
5400 5499 1 1 1 1 1 1 0 0 0 0 0 0 0 0
5500 5599 1 1 1 1 1 1 0 0 0 0 0 0 0 0
5600 5699 1 1 1 1 1 1 0 0 0 0 0 0 0 0
5700 5799 1 1 1 1 1 1 0 0 0 0 0 0 0 0
5800 5899 1 1 1 1 1 1 0 0 0 0 0 0 0 0
5900 5999 1 1 1 1 1 1 0 0 0 0 0 0 0 0
6000 6099 1 1 1 1 1 1 0 0 0 0 0 0 0 0
6100 6199 1 1 1 1 1 1 0 0 0 0 0 0 0 0
6200 6299 1 1 1 1 1 1 0 0 0 0 0 0 0 0
6300 6399 1 1 1 1 1 1 0 0 0 0 0 0 0 0
6400 6499 1 1 1 1 1 1 0 0 0 0 0 0 0 0
6500 6599 1 1 1 1 1 1 0 0 0 0 0 0 0 0
6600 6699 1 1 1 1 1 1 0 0 0 0 0 0 0 0
6700 6799 1 1 1 1 1 1 0 0 0 0 0 0 0 0
6800 6899 1 1 1 1 1 1 0 0 0 0 0 0 0 0
6900 6999 1 1 1 1 1 1 0 0 0 0 0 0 0 0
7000 7099 1 1 1 1 1 1 0 0 0 0 0 0 0 0
7100 7199 1 1 1 1 1 1 0 0 0 0 0 0 0 0
7200 7299 1 1 1 1 1 1 0 0 0 0 0 0 0 0
7300 7399 1 1 1 1 1 1 0 0 0 0 0 0 0 0
7400 7499 1 1 1 1 1 1 0 0 0 0 0 0 0 0
7500 7599 1 1 1 1 1 1 0 0 0 0 0 0 0 0
7600 7699 1 1 1 1 1 1 0 0 0 0 0 0 0 0
7700 7799 1 1 1 1 1 1 0 0 0 0 0 0 0 0
7800 7899 1 1 1 1 1 1 0 0 0 0 0 0 0 0
7900 7999 1 1 1 1 1 1 0 0 0 0 0 0 0 0
8000 8099 1 1 1 1 1 1 0 0 0 0 0 0 0 0
8100 8199 1 1 1 1 1 1 0 0 0 0 0 0 0 0
8200 8299 1 1 1 1 1 1 0 0 0 0 0 0 0 0
8300 8399 1 1 1 1 1 1 0 0 0 0 0 0 0 0
8400 8499 1 1 1 1 1 1 0 0 0 0 0 0 0 0
8500 8599 1 1 1 1 1 1 0 0 0 0 0 0 0 0
8600 8699 1 1 1 1 1 1 0 0 0 0 0 0 0 0
8700 8799 1 1 1 1 1 1 0 0 0 0 0 0 0 0
8800 8899 1 1 1 1 1 1 0 0 0 0 0 0 0 0
8900 8999 1 1 1 1 1 1 0 0 0 0 0 0 0 0
9000 9099 1 1 1 1 1 1 0 0 0 0 0 0 0 0
9100 9199 1 1 1 1 1 1 0 0 0 0 0 0 0 0
9200 9299 1 1 1 1 1 1 0 0 0 0 0 0 0 0
9300 9399 1 1 1 1 1 1 0 0 0 0 0 0 0 0
9400 9499 1 1 1 1 1 1 0 0 0 0 0 0 0 0
9500 9599 1 1 1 1 1 1 0 0 0 0 0 0 0 0
9600 9699 1 1 1 1 1 1 0 0 0 0 0 0 0 0
9700 9799 1 1 1 1 1 1 0 0 0 0 0 0 0 0
9800 9899 1 1 1 1 1 1 0 0 0 0 0 0 0 0
9900 9999 1 1 1 1 1 1 0 0 0 0 0 0 0 0
10000 10099 1 1 1 1 1 1 0 0 0 0 0 0 0 0
10100 10199 1 1 1 1 1 1 0 0 0 0 0 0 0 0
10200 10299 1 1 1 1 1 1 0 0 0 0 0 0 0 0
10300 10399 1 1 1 1 1 1 0 0 0 0 0 0 0 0
10400 10499 1 1 1 1 1 1 0 0 0 0 0 0 0 0
10500 10599 1 1 1 1 1 1 0 0 0 0 0 0 0 0
10600 10699 1 1 1 1 1 1 0 0 0 0 0 0 0 0
10700 10799 1 1 1 1 1 1 0 0 0 0 0 0 0 0
10800 10899 1 1 1 1 1 1 0 0 0 0 0 0 0 0
10900 10999 1 1 1 1 1 1 0 0 0 0 0 0 0 0
11000 11099 1 1 1 1 1 1 0 0 0 0 0 0 0 0
11100 11199 1 1 1 1 1 1 0 0 0 0 0 0 0 0
11200 11299 1 1 1 1 1 1 0 0 0 0 0 0 0 0
11300 11399 1 1 1 1 1 1 0 0 0 0 0 0 0 0
11400 11499 1 1 1 1 1 1 0 0 0 0 0 0 0 0
11500 11599 1 1 1 1 1 1 0 0 0 0 0 0 0 0
11600 11699 1 1 1 1 1 1 0 0 0 0 0 0 0 0
11700 11799 1 1 1 1 1 1 0 0 0 0 0 0 0 0
11800 11899 1 1 1 1 1 1 0 0 0 0 0 0 0 0
11900 11999 1 1 1 1 1 1 0 0 0 0 0 0 0 0
12000 12099 1 1 1 1 1 1 0 0 0 0 0 0 0 0
12100 12199 1 1 1 1 1 1 0 0 0 0 0 0 0 0
12200 12299 1 1 1 1 1 1 0 0 0 0 0 0 0 0
12300 12399 1 1 1 1 1 1 0 0 0 0 0 0 0 0
12400 12499 1 1 1 1 1 1 0 0 0 0 0 0 0 0
12500 12599 1 1 1 1 1 1 0 0 0 0 0 0 0 0
12600 12699 1 1 1 1 1 1 0 0 0 0 0 0 0 0
12700 12799 1 1 1 1 1 1 0 0 0 0 0 0 0 0
12800 12899 1 1 1 1 1 1 0 0 0 0 0 0 0 0
12900 12999 1 1 1 1 1 1 0 0 0 0 0 0 0 0
13000 13099 1 1 1 1 1 1 0 0 0 0 0 0 0 0
13100 13199 1 1 1 1 1 1 0 0 0 0 0 0 0 0
13200 13299 1 1 1 1 1 1 0 0 0 0 0 0 0 0
13300 13399 1 1 1 1 1 1 0 0 0 0 0 0 0 0
13400 13499 1 1 1 1 1 1 0 0 0 0 0 0 0 0
13500 13599 1 1 1 1 1 1 0 0 0 0 0 0 0 0
13600 13699 1 1 1 1 1 1 0 0 0 0 0 0 0 0
13700 13799 1 1 1 1 1 1 0 0 0 0 0 0 0 0
13800 13899 1 1 1 1 1 1 0 0 0 0 0 0 0 0
13900 13999 1 1 1 1 1 1 0 0 0 0 0 0 0 0
14000 14099 1 1 1 1 1 1 0 0 0 0 0 0 0 0
14100 14199 1 1 1 1 1 1 0 0 0 0 0 0 0 0
14200 14299 1 1 1 1 1 1 0 0 0 0 0 0 0 0
14300 14399 1 1 1 1 1 1 0 0 0 0 0 0 0 0
14400 14499 1 1 1 1 1 1 0 0 0 0 0 0 0 0
14500 14599 1 1 1 1 1 1 0 0 0 0 0 0 0 0
14600 14699 1 1 1 1 1 1 0 0 0 0 0 0 0 0
14700 14799 1 1 1 1 1 1 0 0 0 0 0 0 0 0
14800 14899 1 1 1 1 1 1 0 0 0 0 0 0 0 0
14900 14999 1 1 1 1 1 1 0 0 0 0 0 0 0 0
15000 15099 1 1 1 1 1 1 0 0 0 0 0 0 0 0
15100 15199 1 1 1 1 1 1 0 0 0 0 0 0 0 0
15200 15299 1 1 1 1 1 1 0 0 0 0 0 0 0 0
15300 15399 1 1 1 1 1 1 0 0 0 0 0 0 0 0
15400 15499 1 1 1 1 1 1 0 0 0 0 0 0 0 0
15500 15599 1 1 1 1 1 1 0 0 0 0 0 0 0 0
15600 15699 1 1 1 1 1 1 0 0 0 0 0 0 0 0
15700 15799 1 1 1 1 1 1 0 0 0 0 0 0 0 0
15800 15899 1 1 1 1 1 1 0 0 0 0 0 0 0 0
15900 15999 1 1 1 1 1 1 0 0 0 0 0 0 0 0
16000 16099 1 1 1 1 1 1 0 0 0 0 0 0 0 0
16100 16199 1 1 1 1 1 1 0 0 0 0 0 0 0 0
16200 16299 1 1 1 1 1 1 0 0 0 0 0 0 0 0
16300 16399 1 1 1 1 1 1 0 0 0 0 0 0 0 0
16400 16499 1 1 1 1 1 1 0 0 0 0 0 0 0 0
16500 16599 1 1 1 1 1 1 0 0 0 0 0 0 0 0
16600 16699 1 1 1 1 1 1 0 0 0 0 0 0 0 0
16700 16799 1 1 1 1 1 1 0 0 0 0 0 0 0 0
16800 16899 1 1 1 1 1 1 0 0 0 0 0 0 0 0
16900 16999 1 1 1 1 1 1 0 0 0 0 0 0 0 0
17000 17099 1 1 1 1 1 1 0 0 0 0 0 0 0 0
17100 17199 1 1 1 1 1 1 0 0 0 0 0 0 0 0
17200 17299 1 1 1 1 1 1 0 0 0 0 0 0 0 0
17300 17399 1 1 1 1 1 1 0 0 0 0 0 0 0 0
17400 17499 1 1 1 1 1 1 0 0 0 0 0 0 0 0
17500 17599 1 1 1 1 1 1 0 0 0 0 0 0 0 0
17600 17699 1 1 1 1 1 1 0 0 0 0 0 0 0 0
17700 17799 1 1 1 1 1 1 0 0 0 0 0 0 0 0
17800 17899 1 1 1 1 1 1 0 0 0 0 0 0 0 0
17900 17999 1 1 1 1 1 1 0 0 0 0 0 0 0 0
18000 18099 1 1 1 1 1 1 0 0 0 0 0 0 0 0
18100 18199 1 1 1 1 1 1 0 0 0 0 0 0 0 0
18200 18299 1 1 1 1 1 1 0 0 0 0 0 0 0 0
18300 18399 1 1 1 1 1 1 0 0 0 0 0 0 0 0
18400 18499 1 1 1 1 1 1 0 0 0 0 0 0 0 0
18500 18599 1 1 1 1 1 1 0 0 0 0 0 0 0 0
18600 18699 1 1 1 1 1 1 0 0 0 0 0 0 0 0
18700 18799 1 1 1 1 1 1 0 0 0 0 0 0 0 0
18800 18899 1 1 1 1 1 1 0 0 0 0 0 0 0 0
18900 18999 1 1 1 1 1 1 0 0 0 0 0 0 0 0
19000 19099 1 1 1 1 1 1 0 0 0 0 0 0 0 0
19100 19199 1 1 1 1 1 1 0 0 0 0 0 0 0 0
19200 19299 1 1 1 1 1 1 0 0 0 0 0 0 0 0
19300 19399 1 1 1 1 1 1 0 0 0 0 0 0 0 0
19400 19499 1 1 1 1 1 1 0 0 0 0 0 0 0 0
19500 19599 1 1 1 1 1 1 0 0 0 0 0 0 0 0
19600 19699 1 1 1 1 1 1 0 0 0 0 0 0 0 0
19700 19799 1 1 1 1 1 1 0 0 0 0 0 0 0 0
19800 19899 1 1 1 1 1 1 0 0 0 0 0 0 0 0
19900 19999 1 1 1 1 1 1 0 0 0 0 0 0 0 0
20000 20099 1 1 1 1 1 1 0 0 0 0 0 0 0 0
20100 20199 1 1 1 1 1 1 0 0 0 0 0 0 0 0
20200 20299 1 1 1 1 1 1 0 0 0 0 0 0 0 0
20300 20399 1 1 1 1 1 1 0 0 0 0 0 0 0 0
20400 20499 1 1 1 1 1 1 0 0 0 0 0 0 0 0
20500 20599 1 1 1 1 1 1 0 0 0 0 0 0 0 0
20600 20699 1 1 1 1 1 1 0 0 0 0 0 0 0 0
20700 20799 1 1 1 1 1 1 0 0 0 0 0 0 0 0
20800 20899 1 1 1 1 1 1 0 0 0 0 0 0 0 0
20900 20999 1 1 1 1 1 1 0 0 0 0 0 0 0 0
21000 21099 1 1 1 1 1 1 0 0 0 0 0 0 0 0
21100 21199 1 1 1 1 1 1 0 0 0 0 0 0 0 0
21200 21299 1 1 1 1 1 1 0 0 0 0 0 0 0 0
21300 21399 1 1 1 1 1 1 0 0 0 0 0 0 0 0
21400 21499 1 1 1 1 1 1 0 0 0 0 0 0 0 0
21500 21599 1 1 1 1 1 1 0 0 0 0 0 0 0 0
21600 21699 1 1 1 1 1 1 0 0 0 0 0 0 0 0
21700 21799 1 1 1 1 1 1 0 0 0 0 0 0 0 0
21800 21899 1 1 1 1 1 1 0 0 0 0 0 0 0 0
21900 21999 1 1 1 1 1 1 0 0 0 0 0 0 0 0
22000 22099 1 1 1 1 1 1 0 0 0 0 0 0 0 0
22100 22199 1 1 1 1 1 1 0 0 0 0 0 0 0 0
22200 22299 1 1 1 1 1 1 0 0 0 0 0 0 0 0
22300 22399 1 1 1 1 1 1 0 0 0 0 0 0 0 0
22400 22499 1 1 1 1 1 1 0 0 0 0 0 0 0 0
22500 22599 1 1 1 1 1 1 0 0 0 0 0 0 0 0
22600 22699 1 1 1 1 1 1 0 0 0 0 0 0 0 0
22700 22799 1 1 1 1 1 1 0 0 0 0 0 0 0 0
22800 22899 1 1 1 1 1 1 0 0 0 0 0 0 0 0
22900 22999 1 1 1 1 1 1 0 0 0 0 0 0 0 0
23000 23099 1 1 1 1 1 1 0 0 0 0 0 0 0 0
23100 23199 1 1 1 1 1 1 0 0 0 0 0 0 0 0
23200 23299 1 1 1 1 1 1 0 0 0 0 0 0 0 0
23300 23399 1 1 1 1 1 1 0 0 0 0 0 0 0 0
23400 23499 1 1 1 1 1 1 0 0 0 0 0 0 0 0
23500 23599 1 1 1 1 1 1 0 0 0 0 0 0 0 0
23600 23699 1 1 1 1 1 1 0 0 0 0 0 0 0 0
23700 23799 1 1 1 1 1 1 0 0 0 0 0 0 0 0
23800 23899 1 1 1 1 1 1 0 0 0 0 0 0 0 0
23900 23999 1 1 1 1 1 1 0 0 0 0 0 0 0 0
24000 24099 1 1 1 1 1 1 0 0 0 0 0 0 0 0
24100 24199 1 1 1 1 1 1 0 0 0 0 0 0 0 0
24200 24299 1 1 1 1 1 1 0 0 0 0 0 0 0 0
24300 24399 1 1 1 1 1 1 0 0 0 0 0 0 0 0
24400 24499 1 1 1 1 1 1 0 0 0 0 0 0 0 0
24500 24599 1 1 1 1 1 1 0 0 0 0 0 0 0 0
24600 24699 1 1 1 1 1 1 0 0 0 0 0 0 0 0
24700 24799 1 1 1 1 1 1 0 0 0 0 0 0 0 0
24800 24899 1 1 1 1 1 1 0 0 0 0 0 0 0 0
24900 24999 1 1 1 1 1 1 0 0 0 0 0 0 0 0
25000 25099 1 1 1 1 1 1 0 0 0 0 0 0 0 0
25100 25199 1 1 1 1 1 1 0 0 0 0 0 0 0 0
25200 25299 1 1 1 1 1 1 0 0 0 0 0 0 0 0
25300 25399 1 1 1 1 1 1 0 0 0 0 0 0 0 0
25400 25499 1 1 1 1 1 1 0 0 0 0 0 0 0 0
25500 25599 1 1 1 1 1 1 0 0 0 0 0 0 0 0
25600 25699 1 1 1 1 1 1 0 0 0 0 0 0 0 0
25700 25799 1 1 1 1 1 1 0 0 0 0 0 0 0 0
25800 25899 1 1 1 1 1 1 0 0 0 0 0 0 0 0
25900 25999 1 1 1 1 1 1 0 0 0 0 0 0 0 0
26000 26099 1 1 1 1 1 1 0 0 0 0 0 0 0 0
26100 26199 1 1 1 1 1 1 0 0 0 0 0 0 0 0
26200 26299 1 1 1 1 1 1 0 0 0 0 0 0 0 0
26300 26399 1 1 1 1 1 1 0 0 0 0 0 0 0 0
26400 26499 1 1 1 1 1 1 0 0 0 0 0 0 0 0
26500 26599 1 1 1 1 1 1 0 0 0 0 0 0 0 0
26600 26699 1 1 1 1 1 1 0 0 0 0 0 0 0 0
26700 26799 1 1 1 1 1 1 0 0 0 0 0 0 0 0
26800 26899 1 1 1 1 1 1 0 0 0 0 0 0 0 0
26900 26999 1 1 1 1 1 1 0 0 0 0 0 0 0 0
27000 27099 1 1 1 1 1 1 0 0 0 0 0 0 0 0
27100 27199 1 1 1 1 1 1 0 0 0 0 0 0 0 0
27200 27299 1 1 1 1 1 1 0 0 0 0 0 0 0 0
27300 27399 1 1 1 1 1 1 0 0 0 0 0 0 0 0
27400 27499 1 1 1 1 1 1 0 0 0 0 0 0 0 0
27500 27599 1 1 1 1 1 1 0 0 0 0 0 0 0 0
27600 27699 1 1 1 1 1 1 0 0 0 0 0 0 0 0
27700 27799 1 1 1 1 1 1 0 0 0 0 0 0 0 0
27800 27899 1 1 1 1 1 1 0 0 0 0 0 0 0 0
27900 27999 1 1 1 1 1 1 0 0 0 0 0 0 0 0
28000 28099 1 1 1 1 1 1 0 0 0 0 0 0 0 0
28100 28199 1 1 1 1 1 1 0 0 0 0 0 0 0 0
28200 28299 1 1 1 1 1 1 0 0 0 0 0 0 0 0
28300 28399 1 1 1 1 1 1 0 0 0 0 0 0 0 0
28400 28499 1 1 1 1 1 1 0 0 0 0 0 0 0 0
28500 28599 1 1 1 1 1 1 0 0 0 0 0 0 0 0
28600 28699 1 1 1 1 1 1 0 0 0 0 0 0 0 0
28700 28799 1 1 1 1 1 1 0 0 0 0 0 0 0 0
28800 28899 1 1 1 1 1 1 0 0 0 0 0 0 0 0
28900 28999 1 1 1 1 1 1 0 0 0 0 0 0 0 0
29000 29099 1 1 1 1 1 1 0 0 0 0 0 0 0 0
29100 29199 1 1 1 1 1 1 0 0 0 0 0 0 0 0
29200 29299 1 1 1 1 1 1 0 0 0 0 0 0 0 0
29300 29399 1 1 1 1 1 1 0 0 0 0 0 0 0 0
29400 29499 1 1 1 1 1 1 0 0 0 0 0 0 0 0
29500 29599 1 1 1 1 1 1 0 0 0 0 0 0 0 0
29600 29699 1 1 1 1 1 1 0 0 0 0 0 0 0 0
29700 29799 1 1 1 1 1 1 0 0 0 0 0 0 0 0
29800 29899 1 1 1 1 1 1 0 0 0 0 0 0 0 0
29900 29999 1 1 1 1 1 1 0 0 0 0 0 0 0 0
30000 30099 1 1 1 1 1 1 0 0 0 0 0 0 0 0
30100 30199 1 1 1 1 1 1 0 0 0 0 0 0 0 0
30200 30299 0 1 1 1 1 1 0 0 0 0 0 0 0 0
30300 30399 0 1 1 1 1 1 0 0 0 0 0 0 0 0
30400 30499 0 1 1 1 1 1 0 0 0 0 0 0 0 0
