0 99 0 1 1 1 1 1 0 0 1 1 1 1 1 1
100 199 0 1 1 1 1 1 0 0 1 1 1 1 1 1
200 299 0 1 1 1 1 1 0 0 1 1 1 1 1 1
300 399 0 1 1 1 1 1 0 0 1 1 1 1 1 1
400 499 0 1 1 1 1 1 0 0 1 1 1 1 1 1
500 599 0 1 1 1 1 1 0 0 1 1 1 1 1 1
600 699 0 1 1 1 1 1 0 0 1 1 1 1 1 1
700 799 0 1 1 1 1 1 0 0 1 1 1 1 1 1
800 899 0 1 1 1 1 1 0 0 1 1 1 1 1 1
900 999 1 1 1 1 1 1 0 0 1 1 1 1 1 1
1000 1099 1 1 1 1 1 1 0 0 1 1 1 1 1 1
1100 1199 1 1 1 1 1 1 0 0 1 1 1 1 1 1
1200 1299 1 1 1 1 1 1 0 0 1 1 1 1 1 1
1300 1399 1 1 1 1 1 1 0 0 1 1 1 1 1 1
1400 1499 1 1 1 1 1 1 0 0 1 1 1 1 1 1
1500 1599 1 1 1 1 1 1 0 0 1 1 1 1 1 1
1600 1699 1 1 1 1 1 1 0 0 1 1 1 1 1 1
1700 1799 0 1 1 1 1 1 0 0 1 1 1 1 1 1
1800 1899 0 1 1 1 1 1 0 0 1 1 1 1 1 1
1900 1999 0 1 1 1 1 1 0 0 1 1 1 1 1 1
2000 2099 0 1 1 1 1 1 0 0 1 1 1 1 1 1
2100 2199 0 1 1 1 1 1 0 0 1 1 1 1 1 1
2200 2299 0 1 1 1 1 1 0 0 1 1 1 1 1 1
2300 2399 0 1 1 1 1 1 0 0 1 1 1 1 1 1
2400 2499 0 1 1 1 1 1 0 0 1 1 1 1 1 1
2500 2599 0 1 1 1 1 1 0 0 1 1 1 1 1 1
2600 2699 0 1 1 1 1 1 0 0 1 1 1 1 1 1
2700 2799 0 1 1 1 1 1 0 0 1 1 1 1 1 1
2800 2899 1 1 1 1 1 1 0 0 1 1 1 1 1 1
2900 2999 1 1 1 1 1 1 0 0 1 1 1 1 1 1
3000 3099 0 1 1 1 1 1 0 0 1 1 1 1 1 1
3100 3199 0 1 1 1 1 1 0 0 1 1 1 1 1 1
3200 3299 0 1 1 1 1 1 0 0 1 1 1 1 1 1
3300 3399 0 1 1 1 1 1 0 0 1 1 1 1 1 1
3400 3499 0 1 1 1 1 1 0 0 1 1 1 1 1 1
3500 3599 0 1 1 1 1 1 0 0 1 1 1 1 1 1
3600 3699 0 1 1 1 1 1 0 0 1 1 1 1 1 1
3700 3799 0 1 1 1 1 1 0 0 1 1 1 1 1 1
3800 3899 1 1 1 1 1 1 0 0 1 1 1 1 1 1
3900 3999 1 1 1 1 1 1 0 0 1 1 1 1 1 1
4000 4099 0 1 1 1 1 1 0 0 1 1 1 1 1 1
4100 4199 0 1 1 1 1 1 0 0 1 1 1 1 1 1
4200 4299 0 1 1 1 1 1 0 0 1 1 1 1 1 1
4300 4399 0 1 1 1 1 1 0 0 1 1 1 1 1 1
4400 4499 0 1 1 1 1 1 0 0 1 1 1 1 1 1
4500 4599 0 1 1 1 1 1 0 0 1 1 1 1 1 1
4600 4699 0 1 1 1 1 1 0 0 1 1 1 1 1 1
4700 4799 0 1 1 1 1 1 0 0 1 1 1 1 1 1
4800 4899 0 1 1 1 1 1 0 0 1 1 1 1 1 1
4900 4999 0 1 1 1 1 1 0 0 1 1 1 1 1 1
5000 5099 0 1 1 1 1 1 0 0 1 1 1 1 1 1
5100 5199 0 1 1 1 1 1 0 0 1 1 1 1 1 1
5200 5299 0 1 1 1 1 1 0 0 1 1 1 1 1 1
5300 5399 0 1 1 1 1 1 0 0 1 1 1 1 1 1
5400 5499 1 1 1 1 1 1 0 0 1 1 1 1 1 1
5500 5599 1 1 1 1 1 1 0 0 1 1 1 1 1 1
5600 5699 1 1 1 1 1 1 0 0 1 1 1 1 1 1
5700 5799 1 1 1 1 1 1 0 0 1 1 1 1 1 1
5800 5899 0 1 1 1 1 1 0 0 1 1 1 1 1 1
5900 5999 0 1 1 1 1 1 0 0 1 1 1 1 1 1
6000 6099 0 1 1 1 1 1 0 0 1 1 1 1 1 1
6100 6199 0 1 1 1 1 1 0 0 1 1 1 1 1 1
6200 6299 0 1 1 1 1 1 0 0 1 1 1 1 1 1
6300 6399 0 1 1 1 1 1 0 0 1 1 1 1 1 1
6400 6499 0 1 1 1 1 1 0 0 1 1 1 1 1 1
6500 6599 0 1 1 1 1 1 0 0 1 1 1 1 1 1
6600 6699 0 1 1 1 1 1 0 0 1 1 1 1 1 1
6700 6799 1 1 1 1 1 1 0 0 1 1 1 1 1 1
6800 6899 1 1 1 1 1 1 0 0 1 1 1 1 1 1
6900 6999 1 1 1 1 1 1 0 0 1 1 1 1 1 1
7000 7099 1 1 1 1 1 1 0 0 1 1 1 1 1 1
7100 7199 1 1 1 1 1 1 0 0 1 1 1 1 1 1
7200 7299 1 1 1 1 1 1 0 0 1 1 1 1 1 1
7300 7399 1 1 1 1 1 1 0 0 1 1 1 1 1 1
7400 7499 1 1 1 1 1 1 0 0 1 1 1 1 1 1
7500 7599 1 1 1 1 1 1 0 0 1 1 1 1 1 1
7600 7699 1 1 1 1 1 1 0 0 1 1 1 1 1 1
7700 7799 1 1 1 1 1 1 0 0 1 1 1 1 1 1
7800 7899 1 1 1 1 1 1 0 0 1 1 1 1 1 1
7900 7999 1 1 1 1 1 1 0 0 1 1 1 1 1 1
8000 8099 1 1 1 1 1 1 0 0 1 1 1 1 1 1
8100 8199 1 1 1 1 1 1 0 0 1 1 1 1 1 1
8200 8299 1 1 1 1 1 1 0 0 1 1 1 1 1 1
8300 8399 1 1 1 1 1 1 0 0 1 1 1 1 1 1
8400 8499 1 1 1 1 1 1 0 0 1 1 1 1 1 1
8500 8599 1 1 1 1 1 1 0 0 1 1 1 1 1 1
8600 8699 1 1 1 1 1 1 0 0 1 1 1 1 1 1
8700 8799 1 1 1 1 1 1 0 0 1 1 1 1 1 1
8800 8899 1 1 1 1 1 1 0 0 1 1 1 1 1 1
8900 8999 1 1 1 1 1 1 0 0 1 1 1 1 1 1
9000 9099 1 1 1 1 1 1 0 0 1 1 1 1 1 1
9100 9199 1 1 1 1 1 1 0 0 1 1 1 1 1 1
9200 9299 1 1 1 1 1 1 0 0 1 1 1 1 1 1
9300 9399 1 1 1 1 1 1 0 0 1 1 1 1 1 1
9400 9499 1 1 1 1 1 1 0 0 1 1 1 1 1 1
9500 9599 1 1 1 1 1 1 0 0 1 1 1 1 1 1
9600 9699 1 1 1 1 1 1 0 0 1 1 1 1 1 1
9700 9799 1 1 1 1 1 1 0 0 1 1 1 1 1 1
9800 9899 1 1 1 1 1 1 0 0 1 1 1 1 1 1
9900 9999 1 1 1 1 1 1 0 0 1 1 1 1 1 1
10000 10099 1 1 1 1 1 1 0 0 1 1 1 1 1 1
10100 10199 1 1 1 1 1 1 0 0 1 1 1 1 1 1
10200 10299 1 1 1 1 1 1 0 0 1 1 1 1 1 1
10300 10399 1 1 1 1 1 1 0 0 1 1 1 1 1 1
10400 10499 1 1 1 1 1 1 0 0 1 1 1 1 1 1
10500 10599 1 1 1 1 1 1 0 0 1 1 1 1 1 1
10600 10699 1 1 1 1 1 1 0 0 1 1 1 1 1 1
10700 10799 1 1 1 1 1 1 0 0 1 1 1 1 1 1
10800 10899 1 1 1 1 1 1 0 0 1 1 1 1 1 1
10900 10999 1 1 1 1 1 1 0 0 1 1 1 1 1 1
11000 11099 1 1 1 1 1 1 0 0 1 1 1 1 1 1
11100 11199 0 1 1 1 1 1 0 0 1 1 1 1 1 1
11200 11299 0 1 1 1 1 1 0 0 1 1 1 1 1 1
11300 11399 0 1 1 1 1 1 0 0 1 1 1 1 1 1
11400 11499 0 1 1 1 1 1 0 0 1 1 1 1 1 1
11500 11599 0 1 1 1 1 1 0 0 1 1 1 1 1 1
11600 11699 0 1 1 1 1 1 0 0 1 1 1 1 1 1
11700 11799 0 1 1 1 1 1 0 0 1 1 1 1 1 1
11800 11899 0 1 1 1 1 1 0 0 1 1 1 1 1 1
11900 11999 1 1 1 1 1 1 0 0 1 1 1 1 1 1
12000 12099 1 1 1 1 1 1 0 0 1 1 1 1 1 1
12100 12199 1 1 1 1 1 1 0 0 1 1 1 1 1 1
12200 12299 1 1 1 1 1 1 0 0 1 1 1 1 1 1
12300 12399 1 1 1 1 1 1 0 0 1 1 1 1 1 1
12400 12499 1 1 1 1 1 1 0 0 1 1 1 1 1 1
12500 12599 1 1 1 1 1 1 0 0 1 1 1 1 1 1
12600 12699 1 1 1 1 1 1 0 0 1 1 1 1 1 1
12700 12799 1 1 1 1 1 1 0 0 1 1 1 1 1 1
12800 12899 1 1 1 1 1 1 0 0 1 1 1 1 1 1
12900 12999 1 1 1 1 1 1 0 0 1 1 1 1 1 1
13000 13099 1 1 1 1 1 1 0 0 1 1 1 1 1 1
13100 13199 1 1 1 1 1 1 0 0 1 1 1 1 1 1
13200 13299 1 1 1 1 1 1 0 0 1 1 1 1 1 1
13300 13399 1 1 1 1 1 1 0 0 1 1 1 1 1 1
13400 13499 1 1 1 1 1 1 0 0 1 1 1 1 1 1
13500 13599 1 1 1 1 1 1 0 0 1 1 1 1 1 1
13600 13699 1 1 1 1 1 1 0 0 1 1 1 1 1 1
13700 13799 1 1 1 1 1 1 0 0 1 1 1 1 1 1
13800 13899 1 1 1 1 1 1 0 0 1 1 1 1 1 1
13900 13999 1 1 1 1 1 1 0 0 1 1 1 1 1 1
14000 14099 1 1 1 1 1 1 0 0 1 1 1 1 1 1
14100 14199 1 1 1 1 1 1 0 0 1 1 1 1 1 1
14200 14299 1 1 1 1 1 1 0 0 1 1 1 1 1 1
14300 14399 1 1 1 1 1 1 0 0 1 1 1 1 1 1
14400 14499 1 1 1 1 1 1 0 0 1 1 1 1 1 1
14500 14599 1 1 1 1 1 1 0 0 1 1 1 1 1 1
14600 14699 1 1 1 1 1 1 0 0 1 1 1 1 1 1
14700 14799 1 1 1 1 1 1 0 0 1 1 1 1 1 1
14800 14899 1 1 1 1 1 1 0 0 1 1 1 1 1 1
14900 14999 1 1 1 1 1 1 0 0 1 1 1 1 1 1
15000 15099 1 1 1 1 1 1 0 0 1 1 1 1 1 1
15100 15199 1 1 1 1 1 1 0 0 1 1 1 1 1 1
15200 15299 1 1 1 1 1 1 0 0 1 1 1 1 1 1
15300 15399 1 1 1 1 1 1 0 0 1 1 1 1 1 1
15400 15499 1 1 1 1 1 1 0 0 1 1 1 1 1 1
15500 15599 1 1 1 1 1 1 0 0 1 1 1 1 1 1
15600 15699 1 1 1 1 1 1 0 0 1 1 1 1 1 1
15700 15799 0 1 1 1 1 1 0 0 1 1 1 1 1 1
15800 15899 0 1 1 1 1 1 0 0 1 1 1 1 1 1
15900 15999 0 1 1 1 1 1 0 0 1 1 1 1 1 1
16000 16099 0 1 1 1 1 1 0 0 1 1 1 1 1 1
16100 16199 0 1 1 1 1 1 0 0 1 1 1 1 1 1
16200 16299 0 1 1 1 1 1 0 0 1 1 1 1 1 1
16300 16399 0 1 1 1 1 1 0 0 1 1 1 1 1 1
16400 16499 0 1 1 1 1 1 0 0 1 1 1 1 1 1
16500 16599 0 1 1 1 1 1 0 0 1 1 1 1 1 1
16600 16699 0 1 1 1 1 1 0 0 1 1 1 1 1 1
16700 16799 0 1 1 1 1 1 0 0 1 1 1 1 1 1
16800 16899 0 1 1 1 1 1 0 0 1 1 1 1 1 1
16900 16999 0 1 1 1 1 1 0 0 1 1 1 1 1 1
17000 17099 0 1 1 1 1 1 0 0 1 1 1 1 1 1
17100 17199 0 1 1 1 1 1 0 0 1 1 1 1 1 1
17200 17299 1 1 1 1 1 1 0 0 1 1 1 1 1 1
17300 17399 1 1 1 1 1 1 0 0 1 1 1 1 1 1
17400 17499 1 1 1 1 1 1 0 0 1 1 1 1 1 1
17500 17599 1 1 1 1 1 1 0 0 1 1 1 1 1 1
17600 17699 1 1 1 1 1 1 0 0 1 1 1 1 1 1
17700 17799 1 1 1 1 1 1 0 0 1 1 1 1 1 1
17800 17899 1 1 1 1 1 1 0 0 1 1 1 1 1 1
17900 17999 1 1 1 1 1 1 0 0 1 1 1 1 1 1
18000 18099 1 1 1 1 1 1 0 0 1 1 1 1 1 1
18100 18199 1 1 1 1 1 1 0 0 1 1 1 1 1 1
18200 18299 1 1 1 1 1 1 0 0 1 1 1 1 1 1
18300 18399 1 1 1 1 1 1 0 0 1 1 1 1 1 1
18400 18499 1 1 1 1 1 1 0 0 1 1 1 1 1 1
18500 18599 1 1 1 1 1 1 0 0 1 1 1 1 1 1
18600 18699 1 1 1 1 1 1 0 0 1 1 1 1 1 1
18700 18799 1 1 1 1 1 1 0 0 1 1 1 1 1 1
18800 18899 1 1 1 1 1 1 0 0 1 1 1 1 1 1
18900 18999 1 1 1 1 1 1 0 0 1 1 1 1 1 1
19000 19099 1 1 1 1 1 1 0 0 1 1 1 1 1 1
19100 19199 1 1 1 1 1 1 0 0 1 1 1 1 1 1
19200 19299 1 1 1 1 1 1 0 0 1 1 1 1 1 1
19300 19399 1 1 1 1 1 1 0 0 1 1 1 1 1 1
19400 19499 1 1 1 1 1 1 0 0 1 1 1 1 1 1
19500 19599 1 1 1 1 1 1 0 0 1 1 1 1 1 1
19600 19699 1 1 1 1 1 1 0 0 1 1 1 1 1 1
19700 19799 1 1 1 1 1 1 0 0 1 1 1 1 1 1
19800 19899 1 1 1 1 1 1 0 0 1 1 1 1 1 1
19900 19999 1 1 1 1 1 1 0 0 1 1 1 1 1 1
20000 20099 1 1 1 1 1 1 0 0 1 1 1 1 1 1
20100 20199 1 1 1 1 1 1 0 0 1 1 1 1 1 1
20200 20299 1 1 1 1 1 1 0 0 1 1 1 1 1 1
20300 20399 1 1 1 1 1 1 0 0 1 1 1 1 1 1
20400 20499 1 1 1 1 1 1 0 0 1 1 1 1 1 1
20500 20599 1 1 1 1 1 1 0 0 1 1 1 1 1 1
20600 20699 1 1 1 1 1 1 0 0 1 1 1 1 1 1
20700 20799 1 1 1 1 1 1 0 0 1 1 1 1 1 1
20800 20899 1 1 1 1 1 1 0 0 1 1 1 1 1 1
20900 20999 1 1 1 1 1 1 0 0 1 1 1 1 1 1
21000 21099 1 1 1 1 1 1 0 0 1 1 1 1 1 1
21100 21199 1 1 1 1 1 1 0 0 1 1 1 1 1 1
21200 21299 1 1 1 1 1 1 0 0 1 1 1 1 1 1
21300 21399 1 1 1 1 1 1 0 0 1 1 1 1 1 1
21400 21499 1 1 1 1 1 1 0 0 1 1 1 1 1 1
21500 21599 1 1 1 1 1 1 0 0 1 1 1 1 1 1
21600 21699 1 1 1 1 1 1 0 0 1 1 1 1 1 1
21700 21799 1 1 1 1 1 1 0 0 1 1 1 1 1 1
21800 21899 1 1 1 1 1 1 0 0 1 1 1 1 1 1
21900 21999 1 1 1 1 1 1 0 0 1 1 1 1 1 1
22000 22099 1 1 1 1 1 1 0 0 1 1 1 1 1 1
22100 22199 1 1 1 1 1 1 0 0 1 1 1 1 1 1
22200 22299 1 1 1 1 1 1 0 0 1 1 1 1 1 1
22300 22399 1 1 1 1 1 1 0 0 1 1 1 1 1 1
22400 22499 1 1 1 1 1 1 0 0 1 1 1 1 1 1
22500 22599 1 1 1 1 1 1 0 0 1 1 1 1 1 1
22600 22699 1 1 1 1 1 1 0 0 1 1 1 1 1 1
22700 22799 1 1 1 1 1 1 0 0 1 1 1 1 1 1
22800 22899 1 1 1 1 1 1 0 0 1 1 1 1 1 1
22900 22999 1 1 1 1 1 1 0 0 1 1 1 1 1 1
23000 23099 1 1 1 1 1 1 0 0 1 1 1 1 1 1
23100 23199 1 1 1 1 1 1 0 0 1 1 1 1 1 1
23200 23299 1 1 1 1 1 1 0 0 1 1 1 1 1 1
23300 23399 1 1 1 1 1 1 0 0 1 1 1 1 1 1
23400 23499 1 1 1 1 1 1 0 0 1 1 1 1 1 1
23500 23599 1 1 1 1 1 1 0 0 1 1 1 1 1 1
23600 23699 1 1 1 1 1 1 0 0 1 1 1 1 1 1
23700 23799 1 1 1 1 1 1 0 0 1 1 1 1 1 1
23800 23899 1 1 1 1 1 1 0 0 1 1 1 1 1 1
23900 23999 1 1 1 1 1 1 0 0 1 1 1 1 1 1
24000 24099 1 1 1 1 1 1 0 0 1 1 1 1 1 1
24100 24199 1 1 1 1 1 1 0 0 1 1 1 1 1 1
24200 24299 1 1 1 1 1 1 0 0 1 1 1 1 1 1
24300 24399 1 1 1 1 1 1 0 0 1 1 1 1 1 1
24400 24499 1 1 1 1 1 1 0 0 1 1 1 1 1 1
24500 24599 1 1 1 1 1 1 0 0 1 1 1 1 1 1
24600 24699 1 1 1 1 1 1 0 0 1 1 1 1 1 1
24700 24799 1 1 1 1 1 1 0 0 1 1 1 1 1 1
24800 24899 1 1 1 1 1 1 0 0 1 1 1 1 1 1
24900 24999 1 1 1 1 1 1 0 0 1 1 1 1 1 1
25000 25099 1 1 1 1 1 1 0 0 1 1 1 1 1 1
25100 25199 1 1 1 1 1 1 0 0 1 1 1 1 1 1
25200 25299 1 1 1 1 1 1 0 0 1 1 1 1 1 1
25300 25399 1 1 1 1 1 1 0 0 1 1 1 1 1 1
25400 25499 1 1 1 1 1 1 0 0 1 1 1 1 1 1
25500 25599 1 1 1 1 1 1 0 0 1 1 1 1 1 1
25600 25699 1 1 1 1 1 1 0 0 1 1 1 1 1 1
25700 25799 1 1 1 1 1 1 0 0 1 1 1 1 1 1
25800 25899 1 1 1 1 1 1 0 0 1 1 1 1 1 1
25900 25999 1 1 1 1 1 1 0 0 1 1 1 1 1 1
26000 26099 1 1 1 1 1 1 0 0 1 1 1 1 1 1
26100 26199 1 1 1 1 1 1 0 0 1 1 1 1 1 1
26200 26299 0 1 1 1 1 1 0 0 1 1 1 1 1 1
26300 26399 0 1 1 1 1 1 0 0 1 1 1 1 1 1
26400 26499 0 1 1 1 1 1 0 0 1 1 1 1 1 1
26500 26599 0 1 1 1 1 1 0 0 1 1 1 1 1 1
26600 26699 0 1 1 1 1 1 0 0 1 1 1 1 1 1
26700 26799 0 1 1 1 1 1 0 0 1 1 1 1 1 1
26800 26899 0 1 1 1 1 1 0 0 1 1 1 1 1 1
26900 26999 0 1 1 1 1 1 0 0 1 1 1 1 1 1
27000 27099 1 1 1 1 1 1 0 0 1 1 1 1 1 1
27100 27199 1 1 1 1 1 1 0 0 1 1 1 1 1 1
27200 27299 1 1 1 1 1 1 0 0 1 1 1 1 1 1
27300 27399 1 1 1 1 1 1 0 0 1 1 1 1 1 1
27400 27499 1 1 1 1 1 1 0 0 1 1 1 1 1 1
27500 27599 1 1 1 1 1 1 0 0 1 1 1 1 1 1
27600 27699 1 1 1 1 1 1 0 0 1 1 1 1 1 1
27700 27799 1 1 1 1 1 1 0 0 1 1 1 1 1 1
27800 27899 1 1 1 1 1 1 0 0 1 1 1 1 1 1
27900 27999 1 1 1 1 1 1 0 0 1 1 1 1 1 1
28000 28099 1 1 1 1 1 1 0 0 1 1 1 1 1 1
28100 28199 1 1 1 1 1 1 0 0 1 1 1 1 1 1
28200 28299 1 1 1 1 1 1 0 0 1 1 1 1 1 1
28300 28399 1 1 1 1 1 1 0 0 1 1 1 1 1 1
28400 28499 1 1 1 1 1 1 0 0 1 1 1 1 1 1
28500 28599 0 1 1 1 1 1 0 0 1 1 1 1 1 1
28600 28699 0 1 1 1 1 1 0 0 1 1 1 1 1 1
28700 28799 0 1 1 1 1 1 0 0 1 1 1 1 1 1
28800 28899 0 1 1 1 1 1 0 0 1 1 1 1 1 1
28900 28999 0 1 1 1 1 1 0 0 1 1 1 1 1 1
29000 29099 0 1 1 1 1 1 0 0 1 1 1 1 1 1
29100 29199 0 1 1 1 1 1 0 0 1 1 1 1 1 1
29200 29299 0 1 1 1 1 1 0 0 1 1 1 1 1 1
29300 29399 0 1 1 1 1 1 0 0 1 1 1 1 1 1
29400 29499 0 1 1 1 1 1 0 0 1 1 1 1 1 1
29500 29599 0 1 1 1 1 1 0 0 1 1 1 1 1 1
29600 29699 0 1 1 1 1 1 0 0 1 1 1 1 1 1
29700 29799 0 1 1 1 1 1 0 0 1 1 1 1 1 1
29800 29899 0 1 1 1 1 1 0 0 1 1 1 1 1 1
29900 29999 0 1 1 1 1 1 0 0 1 1 1 1 1 1
30000 30099 0 1 1 1 1 1 0 0 1 1 1 1 1 1
30100 30199 0 1 1 1 1 1 0 0 1 1 1 1 1 1
30200 30299 0 1 1 1 1 1 0 0 1 1 1 1 1 1
30300 30399 0 1 1 1 1 1 0 0 1 1 1 1 1 1
30400 30499 1 1 1 1 1 1 0 0 1 1 1 1 1 1
30500 30599 0 1 1 1 1 1 0 0 1 1 1 1 1 1
30600 30699 0 1 1 1 1 1 0 0 1 1 1 1 1 1
30700 30799 0 1 1 1 1 1 0 0 1 1 1 1 1 1
30800 30899 0 1 1 1 1 1 0 0 1 1 1 1 1 1
30900 30999 0 1 1 1 1 1 0 0 1 1 1 1 1 1
31000 31099 0 1 1 1 1 1 0 0 1 1 1 1 1 1
31100 31199 0 1 1 1 1 1 0 0 1 1 1 1 1 1
31200 31299 0 1 1 1 1 1 0 0 1 1 1 1 1 1
31300 31399 1 1 1 1 1 1 0 0 1 1 1 1 1 1
31400 31499 1 1 1 1 1 1 0 0 1 1 1 1 1 1
31500 31599 1 1 1 1 1 1 0 0 1 1 1 1 1 1
31600 31699 1 1 1 1 1 1 0 0 1 1 1 1 1 1
31700 31799 1 1 1 1 1 1 0 0 1 1 1 1 1 1
31800 31899 1 1 1 1 1 1 0 0 1 1 1 1 1 1
31900 31999 1 1 1 1 1 1 0 0 1 1 1 1 1 1
32000 32099 1 1 1 1 1 1 0 0 1 1 1 1 1 1
32100 32199 1 1 1 1 1 1 0 0 1 1 1 1 1 1
32200 32299 1 1 1 1 1 1 0 0 1 1 1 1 1 1
32300 32399 1 1 1 1 1 1 0 0 1 1 1 1 1 1
32400 32499 1 1 1 1 1 1 0 0 1 1 1 1 1 1
32500 32599 1 1 1 1 1 1 0 0 1 1 1 1 1 1
32600 32699 1 1 1 1 1 1 0 0 1 1 1 1 1 1
32700 32799 1 1 1 1 1 1 0 0 1 1 1 1 1 1
32800 32899 1 1 1 1 1 1 0 0 1 1 1 1 1 1
32900 32999 1 1 1 1 1 1 0 0 1 1 1 1 1 1
33000 33099 1 1 1 1 1 1 0 0 1 1 1 1 1 1
33100 33199 1 1 1 1 1 1 0 0 1 1 1 1 1 1
33200 33299 1 1 1 1 1 1 0 0 1 1 1 1 1 1
33300 33399 1 1 1 1 1 1 0 0 1 1 1 1 1 1
33400 33499 1 1 1 1 1 1 0 0 1 1 1 1 1 1
33500 33599 1 1 1 1 1 1 0 0 1 1 1 1 1 1
33600 33699 1 1 1 1 1 1 0 0 1 1 1 1 1 1
33700 33799 1 1 1 1 1 1 0 0 1 1 1 1 1 1
33800 33899 1 1 1 1 1 1 0 0 1 1 1 1 1 1
33900 33999 1 1 1 1 1 1 0 0 1 1 1 1 1 1
34000 34099 1 1 1 1 1 1 0 0 1 1 1 1 1 1
34100 34199 1 1 1 1 1 1 0 0 1 1 1 1 1 1
34200 34299 1 1 1 1 1 1 0 0 1 1 1 1 1 1
34300 34399 1 1 1 1 1 1 0 0 1 1 1 1 1 1
34400 34499 1 1 1 1 1 1 0 0 1 1 1 1 1 1
34500 34599 1 1 1 1 1 1 0 0 1 1 1 1 1 1
34600 34699 1 1 1 1 1 1 0 0 1 1 1 1 1 1
34700 34799 1 1 1 1 1 1 0 0 1 1 1 1 1 1
34800 34899 1 1 1 1 1 1 0 0 1 1 1 1 1 1
34900 34999 1 1 1 1 1 1 0 0 1 1 1 1 1 1
35000 35099 1 1 1 1 1 1 0 0 1 1 1 1 1 1
35100 35199 1 1 1 1 1 1 0 0 1 1 1 1 1 1
35200 35299 1 1 1 1 1 1 0 0 1 1 1 1 1 1
35300 35399 1 1 1 1 1 1 0 0 1 1 1 1 1 1
35400 35499 1 1 1 1 1 1 0 0 1 1 1 1 1 1
35500 35599 1 1 1 1 1 1 0 0 1 1 1 1 1 1
35600 35699 1 1 1 1 1 1 0 0 1 1 1 1 1 1
35700 35799 1 1 1 1 1 1 0 0 1 1 1 1 1 1
35800 35899 1 1 1 1 1 1 0 0 1 1 1 1 1 1
35900 35999 1 1 1 1 1 1 0 0 1 1 1 1 1 1
36000 36099 1 1 1 1 1 1 0 0 1 1 1 1 1 1
36100 36199 1 1 1 1 1 1 0 0 1 1 1 1 1 1
36200 36299 1 1 1 1 1 1 0 0 1 1 1 1 1 1
36300 36399 1 1 1 1 1 1 0 0 1 1 1 1 1 1
36400 36499 1 1 1 1 1 1 0 0 1 1 1 1 1 1
36500 36599 1 1 1 1 1 1 0 0 1 1 1 1 1 1
36600 36699 0 1 1 1 1 1 0 0 1 1 1 1 1 1
36700 36799 0 1 1 1 1 1 0 0 1 1 1 1 1 1
36800 36899 0 1 1 1 1 1 0 0 1 1 1 1 1 1
36900 36999 0 1 1 1 1 1 0 0 1 1 1 1 1 1
37000 37099 0 1 1 1 1 1 0 0 1 1 1 1 1 1
37100 37199 0 1 1 1 1 1 0 0 1 1 1 1 1 1
37200 37299 0 1 1 1 1 1 0 0 1 1 1 1 1 1
37300 37399 0 1 1 1 1 1 0 0 1 1 1 1 1 1
37400 37499 1 1 1 1 1 1 0 0 1 1 1 1 1 1
37500 37599 1 1 1 1 1 1 0 0 1 1 1 1 1 1
37600 37699 1 1 1 1 1 1 0 0 1 1 1 1 1 1
37700 37799 1 1 1 1 1 1 0 0 1 1 1 1 1 1
37800 37899 1 1 1 1 1 1 0 0 1 1 1 1 1 1
37900 37999 1 1 1 1 1 1 0 0 1 1 1 1 1 1
38000 38099 1 1 1 1 1 1 0 0 1 1 1 1 1 1
38100 38199 1 1 1 1 1 1 0 0 1 1 1 1 1 1
38200 38299 1 1 1 1 1 1 0 0 1 1 1 1 1 1
38300 38399 1 1 1 1 1 1 0 0 1 1 1 1 1 1
38400 38499 1 1 1 1 1 1 0 0 1 1 1 1 1 1
38500 38599 1 1 1 1 1 1 0 0 1 1 1 1 1 1
38600 38699 1 1 1 1 1 1 0 0 1 1 1 1 1 1
38700 38799 1 1 1 1 1 1 0 0 1 1 1 1 1 1
38800 38899 1 1 1 1 1 1 0 0 1 1 1 1 1 1
38900 38999 1 1 1 1 1 1 0 0 1 1 1 1 1 1
39000 39099 1 1 1 1 1 1 0 0 1 1 1 1 1 1
39100 39199 1 1 1 1 1 1 0 0 1 1 1 1 1 1
39200 39299 1 1 1 1 1 1 0 0 1 1 1 1 1 1
39300 39399 1 1 1 1 1 1 0 0 1 1 1 1 1 1
39400 39499 1 1 1 1 1 1 0 0 1 1 1 1 1 1
39500 39599 1 1 1 1 1 1 0 0 1 1 1 1 1 1
39600 39699 1 1 1 1 1 1 0 0 1 1 1 1 1 1
39700 39799 1 1 1 1 1 1 0 0 1 1 1 1 1 1
39800 39899 1 1 1 1 1 1 0 0 1 1 1 1 1 1
39900 39999 1 1 1 1 1 1 0 0 1 1 1 1 1 1
40000 40099 1 1 1 1 1 1 0 0 1 1 1 1 1 1
40100 40199 1 1 1 1 1 1 0 0 1 1 1 1 1 1
40200 40299 1 1 1 1 1 1 0 0 1 1 1 1 1 1
40300 40399 1 1 1 1 1 1 0 0 1 1 1 1 1 1
40400 40499 1 1 1 1 1 1 0 0 1 1 1 1 1 1
40500 40599 1 1 1 1 1 1 0 0 1 1 1 1 1 1
40600 40699 1 1 1 1 1 1 0 0 1 1 1 1 1 1
40700 40799 1 1 1 1 1 1 0 0 1 1 1 1 1 1
40800 40899 1 1 1 1 1 1 0 0 1 1 1 1 1 1
40900 40999 1 1 1 1 1 1 0 0 1 1 1 1 1 1
41000 41099 1 1 1 1 1 1 0 0 1 1 1 1 1 1
41100 41199 1 1 1 1 1 1 0 0 1 1 1 1 1 1
41200 41299 1 1 1 1 1 1 0 0 1 1 1 1 1 1
41300 41399 1 1 1 1 1 1 0 0 1 1 1 1 1 1
41400 41499 0 1 1 1 1 1 0 0 1 1 1 1 1 1
41500 41599 0 1 1 1 1 1 0 0 1 1 1 1 1 1
41600 41699 0 1 1 1 1 1 0 0 1 1 1 1 1 1
41700 41799 0 1 1 1 1 1 0 0 1 1 1 1 1 1
41800 41899 0 1 1 1 1 1 0 0 1 1 1 1 1 1
41900 41999 0 1 1 1 1 1 0 0 1 1 1 1 1 1
42000 42099 0 1 1 1 1 1 0 0 1 1 1 1 1 1
42100 42199 0 1 1 1 1 1 0 0 1 1 1 1 1 1
42200 42299 1 1 1 1 1 1 0 0 1 1 1 1 1 1
42300 42399 1 1 1 1 1 1 0 0 1 1 1 1 1 1
42400 42499 1 1 1 1 1 1 0 0 1 1 1 1 1 1
42500 42599 1 1 1 1 1 1 0 0 1 1 1 1 1 1
42600 42699 1 1 1 1 1 1 0 0 1 1 1 1 1 1
42700 42799 1 1 1 1 1 1 0 0 1 1 1 1 1 1
42800 42899 1 1 1 1 1 1 0 0 1 1 1 1 1 1
42900 42999 1 1 1 1 1 1 0 0 1 1 1 1 1 1
43000 43099 1 1 1 1 1 1 0 0 1 1 1 1 1 1
43100 43199 1 1 1 1 1 1 0 0 1 1 1 1 1 1
43200 43299 1 1 1 1 1 1 0 0 1 1 1 1 1 1
43300 43399 0 1 1 1 1 1 0 0 1 1 1 1 1 1
43400 43499 0 1 1 1 1 1 0 0 1 1 1 1 1 1
43500 43599 0 1 1 1 1 1 0 0 1 1 1 1 1 1
43600 43699 0 1 1 1 1 1 0 0 1 1 1 1 1 1
43700 43799 0 1 1 1 1 1 0 0 1 1 1 1 1 1
43800 43899 0 1 1 1 1 1 0 0 1 1 1 1 1 1
43900 43999 0 1 1 1 1 1 0 0 1 1 1 1 1 1
44000 44099 0 1 1 1 1 1 0 0 1 1 1 1 1 1
44100 44199 1 1 1 1 1 1 0 0 1 1 1 1 1 1
44200 44299 1 1 1 1 1 1 0 0 1 1 1 1 1 1
44300 44399 1 1 1 1 1 1 0 0 1 1 1 1 1 1
44400 44499 1 1 1 1 1 1 0 0 1 1 1 1 1 1
44500 44599 1 1 1 1 1 1 0 0 1 1 1 1 1 1
44600 44699 1 1 1 1 1 1 0 0 1 1 1 1 1 1
44700 44799 1 1 1 1 1 1 0 0 1 1 1 1 1 1
44800 44899 1 1 1 1 1 1 0 0 1 1 1 1 1 1
44900 44999 1 1 1 1 1 1 0 0 1 1 1 1 1 1
45000 45099 1 1 1 1 1 1 0 0 1 1 1 1 1 1
45100 45199 1 1 1 1 1 1 0 0 1 1 1 1 1 1
45200 45299 1 1 1 1 1 1 0 0 1 1 1 1 1 1
45300 45399 0 1 1 1 1 1 0 0 1 1 1 1 1 1
45400 45499 0 1 1 1 1 1 0 0 1 1 1 1 1 1
45500 45599 0 1 1 1 1 1 0 0 1 1 1 1 1 1
45600 45699 0 1 1 1 1 1 0 0 1 1 1 1 1 1
45700 45799 0 1 1 1 1 1 0 0 1 1 1 1 1 1
45800 45899 0 1 1 1 1 1 0 0 1 1 1 1 1 1
45900 45999 0 1 1 1 1 1 0 0 1 1 1 1 1 1
46000 46099 0 1 1 1 1 1 0 0 1 1 1 1 1 1
46100 46199 0 1 1 1 1 1 0 0 1 1 1 1 1 1
46200 46299 0 1 1 1 1 1 0 0 1 1 1 1 1 1
46300 46399 0 1 1 1 1 1 0 0 1 1 1 1 1 1
46400 46499 0 1 1 1 1 1 0 0 1 1 1 1 1 1
46500 46599 0 1 1 1 1 1 0 0 1 1 1 1 1 1
46600 46699 0 1 1 1 1 1 0 0 1 1 1 1 1 1
46700 46799 1 1 1 1 1 1 0 0 1 1 1 1 1 1
46800 46899 1 1 1 1 1 1 0 0 1 1 1 1 1 1
46900 46999 1 1 1 1 1 1 0 0 1 1 1 1 1 1
47000 47099 0 1 1 1 1 1 0 0 1 1 1 1 1 1
47100 47199 0 1 1 1 1 1 0 0 1 1 1 1 1 1
47200 47299 0 1 1 1 1 1 0 0 1 1 1 1 1 1
47300 47399 0 1 1 1 1 1 0 0 1 1 1 1 1 1
47400 47499 0 1 1 1 1 1 0 0 1 1 1 1 1 1
47500 47599 0 1 1 1 1 1 0 0 1 1 1 1 1 1
47600 47699 0 1 1 1 1 1 0 0 1 1 1 1 1 1
47700 47799 0 1 1 1 1 1 0 0 1 1 1 1 1 1
47800 47899 0 1 1 1 1 1 0 0 1 1 1 1 1 1
47900 47999 0 1 1 1 1 1 0 0 1 1 1 1 1 1
48000 48099 0 1 1 1 1 1 0 0 1 1 1 1 1 1
48100 48199 0 1 1 1 1 1 0 0 1 1 1 1 1 1
48200 48299 1 1 1 1 1 1 0 0 1 1 1 1 1 1
48300 48399 1 1 1 1 1 1 0 0 1 1 1 1 1 1
48400 48499 1 1 1 1 1 1 0 0 1 1 1 1 1 1
48500 48599 1 1 1 1 1 1 0 0 1 1 1 1 1 1
48600 48699 1 1 1 1 1 1 0 0 1 1 1 1 1 1
48700 48799 1 1 1 1 1 1 0 0 1 1 1 1 1 1
48800 48899 1 1 1 1 1 1 0 0 1 1 1 1 1 1
48900 48999 1 1 1 1 1 1 0 0 1 1 1 1 1 1
49000 49099 1 1 1 1 1 1 0 0 1 1 1 1 1 1
49100 49199 1 1 1 1 1 1 0 0 1 1 1 1 1 1
49200 49299 1 1 1 1 1 1 0 0 1 1 1 1 1 1
49300 49399 1 1 1 1 1 1 0 0 1 1 1 1 1 1
49400 49499 1 1 1 1 1 1 0 0 1 1 1 1 1 1
49500 49599 1 1 1 1 1 1 0 0 1 1 1 1 1 1
49600 49699 1 1 1 1 1 1 0 0 1 1 1 1 1 1
49700 49799 1 1 1 1 1 1 0 0 1 1 1 1 1 1
49800 49899 1 1 1 1 1 1 0 0 1 1 1 1 1 1
49900 49999 0 1 1 1 1 1 0 0 1 1 1 1 1 1
50000 50099 0 1 1 1 1 1 0 0 1 1 1 1 1 1
50100 50199 0 1 1 1 1 1 0 0 1 1 1 1 1 1
50200 50299 0 1 1 1 1 1 0 0 1 1 1 1 1 1
50300 50399 0 1 1 1 1 1 0 0 1 1 1 1 1 1
50400 50499 0 1 1 1 1 1 0 0 1 1 1 1 1 1
50500 50599 0 1 1 1 1 1 0 0 1 1 1 1 1 1
50600 50699 0 1 1 1 1 1 0 0 1 1 1 1 1 1
50700 50799 1 1 1 1 1 1 0 0 1 1 1 1 1 1
50800 50899 1 1 1 1 1 1 0 0 1 1 1 1 1 1
50900 50999 1 1 1 1 1 1 0 0 1 1 1 1 1 1
51000 51099 1 1 1 1 1 1 0 0 1 1 1 1 1 1
51100 51199 1 1 1 1 1 1 0 0 1 1 1 1 1 1
51200 51299 1 1 1 1 1 1 0 0 1 1 1 1 1 1
51300 51399 1 1 1 1 1 1 0 0 1 1 1 1 1 1
51400 51499 1 1 1 1 1 1 0 0 1 1 1 1 1 1
51500 51599 1 1 1 1 1 1 0 0 1 1 1 1 1 1
51600 51699 1 1 1 1 1 1 0 0 1 1 1 1 1 1
