0 99 0 0 0 0 0 0 1 1 1 1 1 1 1 1
100 199 0 0 0 0 0 0 1 1 1 1 1 1 1 1
200 299 0 0 0 0 0 0 1 1 1 1 1 1 1 1
300 399 0 0 0 0 0 0 1 1 1 1 1 1 1 1
400 499 0 0 0 0 0 0 1 1 1 1 1 1 1 1
500 599 0 0 0 0 0 0 0 1 1 1 1 1 1 1
600 699 0 0 0 0 0 0 0 1 1 1 1 1 1 1
700 799 0 0 0 0 0 0 0 1 1 1 1 1 1 1
800 899 0 0 0 0 0 0 0 1 1 1 1 1 1 1
900 999 0 0 0 0 0 0 0 1 1 1 1 1 1 1
1000 1099 0 0 0 0 0 0 0 1 1 1 1 1 1 1
1100 1199 0 0 0 0 0 0 0 1 1 1 1 1 1 1
1200 1299 0 0 0 0 0 0 0 1 1 1 1 1 1 1
1300 1399 0 0 0 0 0 0 1 1 1 1 1 1 1 1
1400 1499 0 0 0 0 0 0 1 1 1 1 1 1 1 1
1500 1599 0 0 0 0 0 0 0 1 1 1 1 1 1 1
1600 1699 0 0 0 0 0 0 0 1 1 1 1 1 1 1
1700 1799 0 0 0 0 0 0 0 1 1 1 1 1 1 1
1800 1899 0 0 0 0 0 0 0 1 1 1 1 1 1 1
1900 1999 0 0 0 0 0 0 0 1 1 1 1 1 1 1
2000 2099 0 0 0 0 0 0 0 1 1 1 1 1 1 1
2100 2199 0 0 0 0 0 0 0 1 1 1 1 1 1 1
2200 2299 0 0 0 0 0 0 0 1 1 1 1 1 1 1
2300 2399 0 0 0 0 0 0 1 1 1 1 1 1 1 1
2400 2499 0 0 0 0 0 0 1 1 1 1 1 1 1 1
2500 2599 0 0 0 0 0 0 1 1 1 1 1 1 1 1
2600 2699 0 0 0 0 0 0 1 1 1 1 1 1 1 1
2700 2799 0 0 0 0 0 0 1 1 1 1 1 1 1 1
2800 2899 0 0 0 0 0 0 1 1 1 1 1 1 1 1
2900 2999 0 0 0 0 0 0 1 1 1 1 1 1 1 1
3000 3099 0 0 0 0 0 0 1 1 1 1 1 1 1 1
3100 3199 0 0 0 0 0 0 1 1 1 1 1 1 1 1
3200 3299 0 0 0 0 0 0 1 1 1 1 1 1 1 1
3300 3399 0 0 0 0 0 0 1 1 1 1 1 1 1 1
3400 3499 0 0 0 0 0 0 1 1 1 1 1 1 1 1
3500 3599 0 0 0 0 0 0 1 1 1 1 1 1 1 1
3600 3699 0 0 0 0 0 0 0 1 1 1 1 1 1 1
3700 3799 0 0 0 0 0 0 0 1 1 1 1 1 1 1
3800 3899 0 0 0 0 0 0 0 1 1 1 1 1 1 1
3900 3999 0 0 0 0 0 0 0 1 1 1 1 1 1 1
4000 4099 0 0 0 0 0 0 0 1 1 1 1 1 1 1
4100 4199 0 0 0 0 0 0 0 1 1 1 1 1 1 1
4200 4299 0 0 0 0 0 0 0 1 1 1 1 1 1 1
4300 4399 0 0 0 0 0 0 0 1 1 1 1 1 1 1
4400 4499 0 0 0 0 0 0 1 1 1 1 1 1 1 1
4500 4599 0 0 0 0 0 0 1 1 1 1 1 1 1 1
4600 4699 0 0 0 0 0 0 1 1 1 1 1 1 1 1
4700 4799 0 0 0 0 0 0 1 1 1 1 1 1 1 1
4800 4899 0 0 0 0 0 0 1 1 1 1 1 1 1 1
4900 4999 0 0 0 0 0 0 1 1 1 1 1 1 1 1
5000 5099 0 0 0 0 0 0 0 1 1 1 1 1 1 1
5100 5199 0 0 0 0 0 0 0 1 1 1 1 1 1 1
5200 5299 0 0 0 0 0 0 0 1 1 1 1 1 1 1
5300 5399 0 0 0 0 0 0 0 1 1 1 1 1 1 1
5400 5499 0 0 0 0 0 0 0 1 1 1 1 1 1 1
5500 5599 0 0 0 0 0 0 0 1 1 1 1 1 1 1
5600 5699 0 0 0 0 0 0 0 1 1 1 1 1 1 1
5700 5799 0 0 0 0 0 0 0 1 1 1 1 1 1 1
5800 5899 0 0 0 0 0 0 0 1 1 1 1 1 1 1
5900 5999 0 0 0 0 0 0 0 1 1 1 1 1 1 1
6000 6099 0 0 0 0 0 0 0 1 1 1 1 1 1 1
6100 6199 0 0 0 0 0 0 1 1 1 1 1 1 1 1
6200 6299 0 0 0 0 0 0 1 1 1 1 1 1 1 1
6300 6399 0 0 0 0 0 0 1 1 1 1 1 1 1 1
6400 6499 0 0 0 0 0 0 0 1 1 1 1 1 1 1
6500 6599 0 0 0 0 0 0 0 1 1 1 1 1 1 1
6600 6699 0 0 0 0 0 0 0 1 1 1 1 1 1 1
6700 6799 0 0 0 0 0 0 0 1 1 1 1 1 1 1
6800 6899 0 0 0 0 0 0 0 1 1 1 1 1 1 1
6900 6999 0 0 0 0 0 0 0 1 1 1 1 1 1 1
7000 7099 0 0 0 0 0 0 0 1 1 1 1 1 1 1
7100 7199 0 0 0 0 0 0 0 1 1 1 1 1 1 1
7200 7299 0 0 0 0 0 0 1 1 1 1 1 1 1 1
7300 7399 0 0 0 0 0 0 1 1 1 1 1 1 1 1
7400 7499 0 0 0 0 0 0 1 1 1 1 1 1 1 1
7500 7599 0 0 0 0 0 0 1 1 1 1 1 1 1 1
7600 7699 0 0 0 0 0 0 1 1 1 1 1 1 1 1
7700 7799 0 0 0 0 0 0 1 1 1 1 1 1 1 1
7800 7899 0 0 0 0 0 0 1 1 1 1 1 1 1 1
7900 7999 0 0 0 0 0 0 0 1 1 1 1 1 1 1
8000 8099 0 0 0 0 0 0 0 1 1 1 1 1 1 1
8100 8199 0 0 0 0 0 0 0 1 1 1 1 1 1 1
8200 8299 0 0 0 0 0 0 0 1 1 1 1 1 1 1
8300 8399 0 0 0 0 0 0 0 1 1 1 1 1 1 1
8400 8499 0 0 0 0 0 0 0 1 1 1 1 1 1 1
8500 8599 0 0 0 0 0 0 0 1 1 1 1 1 1 1
8600 8699 0 0 0 0 0 0 0 1 1 1 1 1 1 1
8700 8799 0 0 0 0 0 0 0 1 1 1 1 1 1 1
8800 8899 0 0 0 0 0 0 0 1 1 1 1 1 1 1
8900 8999 0 0 0 0 0 0 0 1 1 1 1 1 1 1
9000 9099 0 0 0 0 0 0 0 1 1 1 1 1 1 1
9100 9199 0 0 0 0 0 0 0 1 1 1 1 1 1 1
9200 9299 0 0 0 0 0 0 1 1 1 1 1 1 1 1
9300 9399 0 0 0 0 0 0 1 1 1 1 1 1 1 1
9400 9499 0 0 0 0 0 0 1 1 1 1 1 1 1 1
9500 9599 0 0 0 0 0 0 1 1 1 1 1 1 1 1
9600 9699 0 0 0 0 0 0 1 1 1 1 1 1 1 1
9700 9799 0 0 0 0 0 0 1 1 1 1 1 1 1 1
9800 9899 0 0 0 0 0 0 1 1 1 1 1 1 1 1
9900 9999 0 0 0 0 0 0 1 1 1 1 1 1 1 1
10000 10099 0 0 0 0 0 0 1 1 1 1 1 1 1 1
10100 10199 0 0 0 0 0 0 1 1 1 1 1 1 1 1
10200 10299 0 0 0 0 0 0 1 1 1 1 1 1 1 1
10300 10399 0 0 0 0 0 0 1 1 1 1 1 1 1 1
10400 10499 0 0 0 0 0 0 1 1 1 1 1 1 1 1
10500 10599 0 0 0 0 0 0 1 1 1 1 1 1 1 1
10600 10699 0 0 0 0 0 0 1 1 1 1 1 1 1 1
10700 10799 0 0 0 0 0 0 1 1 1 1 1 1 1 1
10800 10899 0 0 0 0 0 0 1 1 1 1 1 1 1 1
10900 10999 0 0 0 0 0 0 1 1 1 1 1 1 1 1
11000 11099 0 0 0 0 0 0 1 1 1 1 1 1 1 1
11100 11199 0 0 0 0 0 0 1 1 1 1 1 1 1 1
11200 11299 0 0 0 0 0 0 1 1 1 1 1 1 1 1
11300 11399 0 0 0 0 0 0 1 1 1 1 1 1 1 1
11400 11499 0 0 0 0 0 0 0 1 1 1 1 1 1 1
11500 11599 0 0 0 0 0 0 0 1 1 1 1 1 1 1
11600 11699 0 0 0 0 0 0 0 1 1 1 1 1 1 1
11700 11799 0 0 0 0 0 0 0 1 1 1 1 1 1 1
11800 11899 0 0 0 0 0 0 0 1 1 1 1 1 1 1
11900 11999 0 0 0 0 0 0 0 1 1 1 1 1 1 1
12000 12099 0 0 0 0 0 0 0 1 1 1 1 1 1 1
12100 12199 0 0 0 0 0 0 0 1 1 1 1 1 1 1
12200 12299 0 0 0 0 0 0 1 1 1 1 1 1 1 1
12300 12399 0 0 0 0 0 0 1 1 1 1 1 1 1 1
12400 12499 0 0 0 0 0 0 1 1 1 1 1 1 1 1
12500 12599 0 0 0 0 0 0 0 1 1 1 1 1 1 1
12600 12699 0 0 0 0 0 0 0 1 1 1 1 1 1 1
12700 12799 0 0 0 0 0 0 0 1 1 1 1 1 1 1
12800 12899 0 0 0 0 0 0 0 1 1 1 1 1 1 1
12900 12999 0 0 0 0 0 0 0 1 1 1 1 1 1 1
13000 13099 0 0 0 0 0 0 0 1 1 1 1 1 1 1
13100 13199 0 0 0 0 0 0 0 1 1 1 1 1 1 1
13200 13299 0 0 0 0 0 0 0 1 1 1 1 1 1 1
13300 13399 0 0 0 0 0 0 1 1 1 1 1 1 1 1
13400 13499 0 0 0 0 0 0 1 1 1 1 1 1 1 1
13500 13599 0 0 0 0 0 0 1 1 1 1 1 1 1 1
13600 13699 0 0 0 0 0 0 0 1 1 1 1 1 1 1
13700 13799 0 0 0 0 0 0 0 1 1 1 1 1 1 1
13800 13899 0 0 0 0 0 0 0 1 1 1 1 1 1 1
13900 13999 0 0 0 0 0 0 0 1 1 1 1 1 1 1
14000 14099 0 0 0 0 0 0 0 1 1 1 1 1 1 1
14100 14199 0 0 0 0 0 0 0 1 1 1 1 1 1 1
14200 14299 0 0 0 0 0 0 0 1 1 1 1 1 1 1
14300 14399 0 0 0 0 0 0 0 1 1 1 1 1 1 1
14400 14499 0 0 0 0 0 0 0 1 1 1 1 1 1 1
14500 14599 0 0 0 0 0 0 0 1 1 1 1 1 1 1
14600 14699 0 0 0 0 0 0 0 1 1 1 1 1 1 1
14700 14799 0 0 0 0 0 0 0 1 1 1 1 1 1 1
14800 14899 0 0 0 0 0 0 0 1 1 1 1 1 1 1
14900 14999 0 0 0 0 0 0 1 1 1 1 1 1 1 1
15000 15099 0 0 0 0 0 0 1 1 1 1 1 1 1 1
15100 15199 0 0 0 0 0 0 1 1 1 1 1 1 1 1
15200 15299 0 0 0 0 0 0 1 1 1 1 1 1 1 1
15300 15399 0 0 0 0 0 0 1 1 1 1 1 1 1 1
15400 15499 0 0 0 0 0 0 0 1 1 1 1 1 1 1
15500 15599 0 0 0 0 0 0 0 1 1 1 1 1 1 1
15600 15699 0 0 0 0 0 0 0 1 1 1 1 1 1 1
15700 15799 0 0 0 0 0 0 0 1 1 1 1 1 1 1
15800 15899 0 0 0 0 0 0 0 1 1 1 1 1 1 1
15900 15999 0 0 0 0 0 0 0 1 1 1 1 1 1 1
16000 16099 0 0 0 0 0 0 0 1 1 1 1 1 1 1
16100 16199 0 0 0 0 0 0 0 1 1 1 1 1 1 1
16200 16299 0 0 0 0 0 0 1 1 1 1 1 1 1 1
16300 16399 0 0 0 0 0 0 1 1 1 1 1 1 1 1
16400 16499 0 0 0 0 0 0 1 1 1 1 1 1 1 1
16500 16599 0 0 0 0 0 0 1 1 1 1 1 1 1 1
16600 16699 0 0 0 0 0 0 1 1 1 1 1 1 1 1
16700 16799 0 0 0 0 0 0 1 1 1 1 1 1 1 1
16800 16899 0 0 0 0 0 0 1 1 1 1 1 1 1 1
16900 16999 0 0 0 0 0 0 1 1 1 1 1 1 1 1
17000 17099 0 0 0 0 0 0 1 1 1 1 1 1 1 1
17100 17199 0 0 0 0 0 0 1 1 1 1 1 1 1 1
17200 17299 0 0 0 0 0 0 1 1 1 1 1 1 1 1
17300 17399 0 0 0 0 0 0 1 1 1 1 1 1 1 1
17400 17499 0 0 0 0 0 0 1 1 1 1 1 1 1 1
17500 17599 0 0 0 0 0 0 1 1 1 1 1 1 1 1
17600 17699 0 0 0 0 0 0 1 1 1 1 1 1 1 1
17700 17799 0 0 0 0 0 0 1 1 1 1 0 1 1 1
17800 17899 0 0 0 0 0 0 1 1 1 1 0 1 1 1
17900 17999 0 0 0 0 0 0 1 1 1 1 0 1 1 1
