0 99 1 1 1 1 1 1 0 0 1 1 1 1 1 1
100 199 1 1 1 1 1 1 0 0 1 1 1 1 1 1
200 299 1 1 1 1 1 1 0 0 1 1 1 1 1 1
300 399 1 1 1 1 1 1 0 0 1 1 1 1 1 1
400 499 1 1 1 1 1 1 0 0 1 1 1 1 1 1
500 599 1 1 1 1 1 1 0 0 1 1 1 1 1 1
600 699 1 1 1 1 1 1 0 0 1 1 1 1 1 1
700 799 1 1 1 1 1 1 0 0 1 1 1 1 1 1
800 899 1 1 1 1 1 1 0 0 1 1 1 1 1 1
900 999 1 1 1 1 1 1 0 0 1 1 1 1 1 1
1000 1099 1 1 1 1 1 1 0 0 1 1 1 1 1 1
1100 1199 1 1 1 1 1 1 0 0 1 1 1 1 1 1
1200 1299 1 1 1 1 1 1 0 0 1 1 1 1 1 1
1300 1399 1 1 1 1 1 1 0 0 1 1 1 1 1 1
1400 1499 1 1 1 1 1 1 0 0 1 1 1 1 1 1
1500 1599 1 1 1 1 1 1 0 0 1 1 1 1 1 1
1600 1699 1 1 1 1 1 1 0 0 1 1 1 1 1 1
1700 1799 1 1 1 1 1 1 0 0 1 1 1 1 1 1
1800 1899 1 1 1 1 1 1 0 0 1 1 1 1 1 1
1900 1999 1 1 1 1 1 1 0 0 1 1 1 1 1 1
2000 2099 1 1 1 1 1 1 0 0 1 1 1 1 1 1
2100 2199 1 1 1 1 1 1 0 0 1 1 1 1 1 1
2200 2299 1 1 1 1 1 1 0 0 1 1 1 1 1 1
2300 2399 1 1 1 1 1 1 0 0 1 1 1 1 1 1
2400 2499 1 1 1 1 1 1 0 0 1 1 1 1 1 1
2500 2599 1 1 1 1 1 1 0 0 1 1 1 1 1 1
2600 2699 1 1 1 1 1 1 0 0 1 1 1 1 1 1
2700 2799 1 1 1 1 1 1 0 0 1 1 1 1 1 1
2800 2899 1 1 1 1 1 1 0 0 1 1 1 1 1 1
2900 2999 1 1 1 1 1 1 0 0 1 1 1 1 1 1
3000 3099 1 1 1 1 1 1 0 0 1 1 1 1 1 1
3100 3199 1 1 1 1 1 1 0 0 1 1 1 1 1 1
3200 3299 1 1 1 1 1 1 0 0 1 1 1 1 1 1
3300 3399 1 1 1 1 1 1 0 0 1 1 1 1 1 1
3400 3499 1 1 1 1 1 1 0 0 1 1 1 1 1 1
3500 3599 1 1 1 1 1 1 0 0 1 1 1 1 1 1
3600 3699 1 1 1 1 1 1 0 0 1 1 1 1 1 1
3700 3799 1 1 1 1 1 1 0 0 1 1 1 1 1 1
3800 3899 1 1 1 1 1 1 0 0 1 1 1 1 1 1
3900 3999 1 1 1 1 1 1 0 0 1 1 1 1 1 1
4000 4099 1 1 1 1 1 1 0 0 1 1 1 1 1 1
4100 4199 1 1 1 1 1 1 0 0 1 1 1 1 1 1
4200 4299 1 1 1 1 1 1 0 0 1 1 1 1 1 1
4300 4399 1 1 1 1 1 1 0 0 1 1 1 1 1 1
4400 4499 1 1 1 1 1 1 0 0 1 1 1 1 1 1
4500 4599 1 1 1 1 1 1 0 0 1 1 1 1 1 1
4600 4699 1 1 1 1 1 1 0 0 1 1 1 1 1 1
4700 4799 1 1 1 1 1 1 0 0 1 1 1 1 1 1
4800 4899 1 1 1 1 1 1 0 0 1 1 1 1 1 1
4900 4999 1 1 1 1 1 1 0 0 1 1 1 1 1 1
5000 5099 1 1 1 1 1 1 0 0 1 1 1 1 1 1
5100 5199 1 1 1 1 1 1 0 0 1 1 1 1 1 1
5200 5299 1 1 1 1 1 1 0 0 1 1 1 1 1 1
5300 5399 1 1 1 1 1 1 0 0 1 1 1 1 1 1
5400 5499 1 1 1 1 1 1 0 0 1 1 1 1 1 1
5500 5599 1 1 1 1 1 1 0 0 1 1 1 1 1 1
5600 5699 1 1 1 1 1 1 0 0 1 1 1 1 1 1
5700 5799 1 1 1 1 1 1 0 0 1 1 1 1 1 1
5800 5899 1 1 1 1 1 1 0 0 1 1 1 1 1 1
5900 5999 1 1 1 1 1 1 0 0 1 1 1 1 1 1
6000 6099 1 1 1 1 1 1 0 0 1 1 1 1 1 1
6100 6199 1 1 1 1 1 1 0 0 1 1 1 1 1 1
6200 6299 1 1 1 1 1 1 0 0 1 1 1 1 1 1
6300 6399 1 1 1 1 1 1 0 0 1 1 1 1 1 1
6400 6499 1 1 1 1 1 1 0 0 1 1 1 1 1 1
6500 6599 1 1 1 1 1 1 0 0 1 1 1 1 1 1
6600 6699 1 1 1 1 1 1 0 0 1 1 1 1 1 1
6700 6799 1 1 1 1 1 1 0 0 1 1 1 1 1 1
6800 6899 1 1 1 1 1 1 0 0 1 1 1 1 1 1
6900 6999 1 1 1 1 1 1 0 0 1 1 1 1 1 1
7000 7099 1 1 1 1 1 1 0 0 1 1 1 1 1 1
7100 7199 1 1 1 1 1 1 0 0 1 1 1 1 1 1
7200 7299 1 1 1 1 1 1 0 0 1 1 1 1 1 1
7300 7399 1 1 1 1 1 1 0 0 1 1 1 1 1 1
7400 7499 1 1 1 1 1 1 0 0 1 1 1 1 1 1
7500 7599 1 1 1 1 1 1 0 0 1 1 1 1 1 1
7600 7699 1 1 1 1 1 1 0 0 1 1 1 1 1 1
7700 7799 1 1 1 1 1 1 0 0 1 1 1 1 1 1
7800 7899 1 1 1 1 1 1 0 0 1 1 1 1 1 1
7900 7999 1 1 1 1 1 1 0 0 1 1 1 1 1 1
8000 8099 1 1 1 1 1 1 0 0 1 1 1 1 1 1
8100 8199 1 1 1 1 1 1 0 0 1 1 1 1 1 1
8200 8299 1 1 1 1 1 1 0 0 1 1 1 1 1 1
8300 8399 1 1 1 1 1 1 0 0 1 1 1 1 1 1
8400 8499 1 1 1 1 1 1 0 0 1 1 1 1 1 1
8500 8599 1 1 1 1 1 1 0 0 1 1 1 1 1 1
8600 8699 1 1 1 1 1 1 0 0 1 1 1 1 1 1
8700 8799 1 1 1 1 1 1 0 0 1 1 1 1 1 1
8800 8899 1 1 1 1 1 1 0 0 1 1 1 1 1 1
8900 8999 1 1 1 1 1 1 0 0 1 1 1 1 1 1
9000 9099 1 1 1 1 1 1 0 0 1 1 1 1 1 1
9100 9199 1 1 1 1 1 1 0 0 1 1 1 1 1 1
9200 9299 1 1 1 1 1 1 0 0 1 1 1 1 1 1
9300 9399 1 1 1 1 1 1 0 0 1 1 1 1 1 1
9400 9499 1 1 1 1 1 1 0 0 1 1 1 1 1 1
9500 9599 1 1 1 1 1 1 0 0 1 1 1 1 1 1
9600 9699 1 1 1 1 1 1 0 0 1 1 1 1 1 1
9700 9799 1 1 1 1 1 1 0 0 1 1 1 1 1 1
9800 9899 1 1 1 1 1 1 0 0 1 1 1 1 1 1
9900 9999 1 1 1 1 1 1 0 0 1 1 1 1 1 1
10000 10099 1 1 1 1 1 1 0 0 1 1 1 1 1 1
10100 10199 1 1 1 1 1 1 0 0 1 1 1 1 1 1
10200 10299 1 1 1 1 1 1 0 0 1 1 1 1 1 1
10300 10399 1 1 1 1 1 1 0 0 1 1 1 1 1 1
10400 10499 1 1 1 1 1 1 0 0 1 1 1 1 1 1
10500 10599 1 1 1 1 1 1 0 0 1 1 1 1 1 1
10600 10699 1 1 1 1 1 1 0 0 1 1 1 1 1 1
10700 10799 1 1 1 1 1 1 0 0 1 1 1 1 1 1
10800 10899 1 1 1 1 1 1 0 0 1 1 1 1 1 1
10900 10999 1 1 1 1 1 1 0 0 1 1 1 1 1 1
11000 11099 1 1 1 1 1 1 0 0 1 1 1 1 1 1
11100 11199 1 1 1 1 1 1 0 0 1 1 1 1 1 1
11200 11299 1 1 1 1 1 1 0 0 1 1 1 1 1 1
11300 11399 1 1 1 1 1 1 0 0 1 1 1 1 1 1
11400 11499 1 1 1 1 1 1 0 0 1 1 1 1 1 1
11500 11599 1 1 1 1 1 1 0 0 1 1 1 1 1 1
11600 11699 1 1 1 1 1 1 0 0 1 1 1 1 1 1
11700 11799 1 1 1 1 1 1 0 0 1 1 1 1 1 1
11800 11899 1 1 1 1 1 1 0 0 1 1 1 1 1 1
11900 11999 1 1 1 1 1 1 0 0 1 1 1 1 1 1
12000 12099 1 1 1 1 1 1 0 0 1 1 1 1 1 1
12100 12199 1 1 1 1 1 1 0 0 1 1 1 1 1 1
12200 12299 1 1 1 1 1 1 0 0 1 1 1 1 1 1
12300 12399 1 1 1 1 1 1 0 0 1 1 1 1 1 1
12400 12499 1 1 1 1 1 1 0 0 1 1 1 1 1 1
12500 12599 1 1 1 1 1 1 0 0 1 1 1 1 1 1
12600 12699 1 1 1 1 1 1 0 0 1 1 1 1 1 1
12700 12799 1 1 1 1 1 1 0 0 1 1 1 1 1 1
12800 12899 1 1 1 1 1 1 0 0 1 1 1 1 1 1
12900 12999 1 1 1 1 1 1 0 0 1 1 1 1 1 1
13000 13099 1 1 1 1 1 1 0 0 1 1 1 1 1 1
13100 13199 1 1 1 1 1 1 0 0 1 1 1 1 1 1
13200 13299 1 1 1 1 1 1 0 0 1 1 1 1 1 1
13300 13399 1 1 1 1 1 1 0 0 1 1 1 1 1 1
13400 13499 1 1 1 1 1 1 0 0 1 1 1 1 1 1
13500 13599 1 1 1 1 1 1 0 0 1 1 1 1 1 1
13600 13699 1 1 1 1 1 1 0 0 1 1 1 1 1 1
13700 13799 1 1 1 1 1 1 0 0 1 1 1 1 1 1
13800 13899 1 1 1 1 1 1 0 0 1 1 1 1 1 1
13900 13999 1 1 1 1 1 1 0 0 1 1 1 1 1 1
14000 14099 1 1 1 1 1 1 0 0 1 1 1 1 1 1
14100 14199 1 1 1 1 1 1 0 0 1 1 1 1 1 1
14200 14299 1 1 1 1 1 1 0 0 1 1 1 1 1 1
14300 14399 1 1 1 1 1 1 0 0 1 1 1 1 1 1
14400 14499 1 1 1 1 1 1 0 0 1 1 1 1 1 1
14500 14599 1 1 1 1 1 1 0 0 1 1 1 1 1 1
14600 14699 1 1 1 1 1 1 0 0 1 1 1 1 1 1
14700 14799 1 1 1 1 1 1 0 0 1 1 1 1 1 1
14800 14899 1 1 1 1 1 1 0 0 1 1 1 1 1 1
14900 14999 1 1 1 1 1 1 0 0 1 1 1 1 1 1
15000 15099 1 1 1 1 1 1 0 0 1 1 1 1 1 1
15100 15199 1 1 1 1 1 1 0 0 1 1 1 1 1 1
15200 15299 1 1 1 1 1 1 0 0 1 1 1 1 1 1
15300 15399 1 1 1 1 1 1 0 0 1 1 1 1 1 1
15400 15499 1 1 1 1 1 1 0 0 1 1 1 1 1 1
15500 15599 1 1 1 1 1 1 0 0 1 1 1 1 1 1
15600 15699 1 1 1 1 1 1 0 0 1 1 1 1 1 1
15700 15799 1 1 1 1 1 1 0 0 1 1 1 1 1 1
15800 15899 1 1 1 1 1 1 0 0 1 1 1 1 1 1
15900 15999 1 1 1 1 1 1 0 0 1 1 1 1 1 1
16000 16099 1 1 1 1 1 1 0 0 1 1 1 1 1 1
16100 16199 1 1 1 1 1 1 0 0 1 1 1 1 1 1
16200 16299 1 1 1 1 1 1 0 0 1 1 1 1 1 1
16300 16399 1 1 1 1 1 1 0 0 1 1 1 1 1 1
16400 16499 1 1 1 1 1 1 0 0 1 1 1 1 1 1
16500 16599 1 1 1 1 1 1 0 0 1 1 1 1 1 1
16600 16699 1 1 1 1 1 1 0 0 1 1 1 1 1 1
16700 16799 1 1 1 1 1 1 0 0 1 1 1 1 1 1
16800 16899 1 1 1 1 1 1 0 0 1 1 1 1 1 1
16900 16999 1 1 1 1 1 1 0 0 1 1 1 1 1 1
17000 17099 1 1 1 1 1 1 0 0 1 1 1 1 1 1
17100 17199 1 1 1 1 1 1 0 0 1 1 1 1 1 1
17200 17299 1 1 1 1 1 1 0 0 1 1 1 1 1 1
17300 17399 1 1 1 1 1 1 0 0 1 1 1 1 1 1
17400 17499 1 1 1 1 1 1 0 0 1 1 1 1 1 1
17500 17599 1 1 1 1 1 1 0 0 1 1 1 1 1 1
17600 17699 1 1 1 1 1 1 0 0 1 1 1 1 1 1
17700 17799 1 1 1 1 1 1 0 0 1 1 1 1 1 1
17800 17899 1 1 1 1 1 1 0 0 1 1 1 1 1 1
17900 17999 1 1 1 1 1 1 0 0 1 1 1 1 1 1
18000 18099 1 1 1 1 1 1 0 0 1 1 1 1 1 1
18100 18199 1 1 1 1 1 1 0 0 1 1 1 1 1 1
18200 18299 1 1 1 1 1 1 0 0 1 1 1 1 1 1
18300 18399 1 1 1 1 1 1 0 0 1 1 1 1 1 1
18400 18499 1 1 1 1 1 1 0 0 1 1 1 1 1 1
18500 18599 1 1 1 1 1 1 0 0 1 1 1 1 1 1
18600 18699 1 1 1 1 1 1 0 0 1 1 1 1 1 1
18700 18799 1 1 1 1 1 1 0 0 1 1 1 1 1 1
18800 18899 1 1 1 1 1 1 0 0 1 1 1 1 1 1
18900 18999 1 1 1 1 1 1 0 0 1 1 1 1 1 1
19000 19099 1 1 1 1 1 1 0 0 1 1 1 1 1 1
19100 19199 1 1 1 1 1 1 0 0 1 1 1 1 1 1
19200 19299 1 1 1 1 1 1 0 0 1 1 1 1 1 1
19300 19399 1 1 1 1 1 1 0 0 1 1 1 1 1 1
19400 19499 1 1 1 1 1 1 0 0 1 1 1 1 1 1
19500 19599 1 1 1 1 1 1 0 0 1 1 1 1 1 1
19600 19699 1 1 1 1 1 1 0 0 1 1 1 1 1 1
19700 19799 1 1 1 1 1 1 0 0 1 1 1 1 1 1
19800 19899 1 1 1 1 1 1 0 0 1 1 1 1 1 1
19900 19999 1 1 1 1 1 1 0 0 1 1 1 1 1 1
20000 20099 1 1 1 1 1 1 0 0 1 1 1 1 1 1
20100 20199 1 1 1 1 1 1 0 0 1 1 1 1 1 1
20200 20299 1 1 1 1 1 1 0 0 1 1 1 1 1 1
20300 20399 1 1 1 1 1 1 0 0 1 1 1 1 1 1
20400 20499 1 1 1 1 1 1 0 0 1 1 1 1 1 1
20500 20599 1 1 1 1 1 1 0 0 1 1 1 1 1 1
20600 20699 1 1 1 1 1 1 0 0 1 1 1 1 1 1
20700 20799 1 1 1 1 1 1 0 0 1 1 1 1 1 1
20800 20899 1 1 1 1 1 1 0 0 1 1 1 1 1 1
20900 20999 1 1 1 1 1 1 0 0 1 1 1 1 1 1
21000 21099 1 1 1 1 1 1 0 0 1 1 1 1 1 1
21100 21199 1 1 1 1 1 1 0 0 1 1 1 1 1 1
21200 21299 1 1 1 1 1 1 0 0 1 1 1 1 1 1
21300 21399 1 1 1 1 1 1 0 0 1 1 1 1 1 1
21400 21499 1 1 1 1 1 1 0 0 1 1 1 1 1 1
21500 21599 1 1 1 1 1 1 0 0 1 1 1 1 1 1
21600 21699 1 1 1 1 1 1 0 0 1 1 1 1 1 1
21700 21799 1 1 1 1 1 1 0 0 1 1 1 1 1 1
21800 21899 1 1 1 1 1 1 0 0 1 1 1 1 1 1
21900 21999 1 1 1 1 1 1 0 0 1 1 1 1 1 1
22000 22099 1 1 1 1 1 1 0 0 1 1 1 1 1 1
22100 22199 1 1 1 1 1 1 0 0 1 1 1 1 1 1
22200 22299 1 1 1 1 1 1 0 0 1 1 1 1 1 1
22300 22399 1 1 1 1 1 1 0 0 1 1 1 1 1 1
22400 22499 1 1 1 1 1 1 0 0 1 1 1 1 1 1
22500 22599 1 1 1 1 1 1 0 0 1 1 1 1 1 1
22600 22699 1 1 1 1 1 1 0 0 1 1 1 1 1 1
22700 22799 1 1 1 1 1 1 0 0 1 1 1 1 1 1
22800 22899 1 1 1 1 1 1 0 0 1 1 1 1 1 1
22900 22999 1 1 1 1 1 1 0 0 1 1 1 1 1 1
23000 23099 1 1 1 1 1 1 0 0 1 1 1 1 1 1
23100 23199 1 1 1 1 1 1 0 0 1 1 1 1 1 1
23200 23299 1 1 1 1 1 1 0 0 1 1 1 1 1 1
23300 23399 1 1 1 1 1 1 0 0 1 1 1 1 1 1
23400 23499 1 1 1 1 1 1 0 0 1 1 1 1 1 1
23500 23599 1 1 1 1 1 1 0 0 1 1 1 1 1 1
23600 23699 1 1 1 1 1 1 0 0 1 1 1 1 1 1
23700 23799 1 1 1 1 1 1 0 0 1 1 1 1 1 1
23800 23899 1 1 1 1 1 1 0 0 1 1 1 1 1 1
23900 23999 1 1 1 1 1 1 0 0 1 1 1 1 1 1
24000 24099 1 1 1 1 1 1 0 0 1 1 1 1 1 1
24100 24199 1 1 1 1 1 1 0 0 1 1 1 1 1 1
24200 24299 1 1 1 1 1 1 0 0 1 1 1 1 1 1
24300 24399 1 1 1 1 1 1 0 0 1 1 1 1 1 1
24400 24499 1 1 1 1 1 1 0 0 1 1 1 1 1 1
24500 24599 1 1 1 1 1 1 0 0 1 1 1 1 1 1
24600 24699 1 1 1 1 1 1 0 0 1 1 1 1 1 1
24700 24799 1 1 1 1 1 1 0 0 1 1 1 1 1 1
24800 24899 1 1 1 1 1 1 0 0 1 1 1 1 1 1
24900 24999 1 1 1 1 1 1 0 0 1 1 1 1 1 1
25000 25099 1 1 1 1 1 1 0 0 1 1 1 1 1 1
25100 25199 1 1 1 1 1 1 0 0 1 1 1 1 1 1
25200 25299 1 1 1 1 1 1 0 0 1 1 1 1 1 1
25300 25399 1 1 1 1 1 1 0 0 1 1 1 1 1 1
25400 25499 1 1 1 1 1 1 0 0 1 1 1 1 1 1
25500 25599 1 1 1 1 1 1 0 0 1 1 1 1 1 1
25600 25699 1 1 1 1 1 1 0 0 1 1 1 1 1 1
25700 25799 1 1 1 1 1 1 0 0 1 1 1 1 1 1
25800 25899 1 1 1 1 1 1 0 0 1 1 1 1 1 1
25900 25999 1 1 1 1 1 1 0 0 1 1 1 1 1 1
26000 26099 1 1 1 1 1 1 0 0 1 1 1 1 1 1
26100 26199 1 1 1 1 1 1 0 0 1 1 1 1 1 1
26200 26299 1 1 1 1 1 1 0 0 1 1 1 1 1 1
26300 26399 1 1 1 1 1 1 0 0 1 1 1 1 1 1
26400 26499 1 1 1 1 1 1 0 0 1 1 1 1 1 1
26500 26599 1 1 1 1 1 1 0 0 1 1 1 1 1 1
26600 26699 1 1 1 1 1 1 0 0 1 1 1 1 1 1
26700 26799 1 1 1 1 1 1 0 0 1 1 1 1 1 1
26800 26899 1 1 1 1 1 1 0 0 1 1 1 1 1 1
26900 26999 1 1 1 1 1 1 0 0 1 1 1 1 1 1
27000 27099 1 1 1 1 1 1 0 0 1 1 1 1 1 1
27100 27199 1 1 1 1 1 1 0 0 1 1 1 1 1 1
27200 27299 1 1 1 1 1 1 0 0 1 1 1 1 1 1
27300 27399 1 1 1 1 1 1 0 0 1 1 1 1 1 1
27400 27499 1 1 1 1 1 1 0 0 1 1 1 1 1 1
27500 27599 1 1 1 1 1 1 0 0 1 1 1 1 1 1
27600 27699 1 1 1 1 1 1 0 0 1 1 1 1 1 1
27700 27799 1 1 1 1 1 1 0 0 1 1 1 1 1 1
27800 27899 1 1 1 1 1 1 0 0 1 1 1 1 1 1
27900 27999 1 1 1 1 1 1 0 0 1 1 1 1 1 1
28000 28099 1 1 1 1 1 1 0 0 1 1 1 1 1 1
28100 28199 1 1 1 1 1 1 0 0 1 1 1 1 1 1
28200 28299 1 1 1 1 1 1 0 0 1 1 1 1 1 1
28300 28399 1 1 1 1 1 1 0 0 1 1 1 1 1 1
28400 28499 1 1 1 1 1 1 0 0 1 1 1 1 1 1
28500 28599 1 1 1 1 1 1 0 0 1 1 1 1 1 1
28600 28699 1 1 1 1 1 1 0 0 1 1 1 1 1 1
28700 28799 1 1 1 1 1 1 0 0 1 1 1 1 1 1
28800 28899 1 1 1 1 1 1 0 0 1 1 1 1 1 1
28900 28999 1 1 1 1 1 1 0 0 1 1 1 1 1 1
29000 29099 1 1 1 1 1 1 0 0 1 1 1 1 1 1
29100 29199 1 1 1 1 1 1 0 0 1 1 1 1 1 1
29200 29299 1 1 1 1 1 1 0 0 1 1 1 1 1 1
29300 29399 1 1 1 1 1 1 0 0 1 1 1 1 1 1
29400 29499 1 1 1 1 1 1 0 0 1 1 1 1 1 1
29500 29599 1 1 1 1 1 1 0 0 1 1 1 1 1 1
29600 29699 1 1 1 1 1 1 0 0 1 1 1 1 1 1
29700 29799 1 1 1 1 1 1 0 0 1 1 1 1 1 1
29800 29899 1 1 1 1 1 1 0 0 1 1 1 1 1 1
29900 29999 1 1 1 1 1 1 0 0 1 1 1 1 1 1
30000 30099 1 1 1 1 1 1 0 0 1 1 1 1 1 1
30100 30199 1 1 1 1 1 1 0 0 1 1 1 1 1 1
30200 30299 1 1 1 1 1 1 0 0 1 1 1 1 1 1
30300 30399 1 1 1 1 1 1 0 0 1 1 1 1 1 1
30400 30499 1 1 1 1 1 1 0 0 1 1 1 1 1 1
30500 30599 1 1 1 1 1 1 0 0 1 1 1 1 1 1
30600 30699 1 1 1 1 1 1 0 0 1 1 1 1 1 1
30700 30799 1 1 1 1 1 1 0 0 1 1 1 1 1 1
30800 30899 1 1 1 1 1 1 0 0 1 1 1 1 1 1
30900 30999 1 1 1 1 1 1 0 0 1 1 1 1 1 1
31000 31099 1 1 1 1 1 1 0 0 1 1 1 1 1 1
31100 31199 1 1 1 1 1 1 0 0 1 1 1 1 1 1
31200 31299 1 1 1 1 1 1 0 0 1 1 1 1 1 1
31300 31399 1 1 1 1 1 1 0 0 1 1 1 1 1 1
31400 31499 1 1 1 1 1 1 0 0 1 1 1 1 1 1
31500 31599 1 1 1 1 1 1 0 0 1 1 1 1 1 1
31600 31699 1 1 1 1 1 1 0 0 1 1 1 1 1 1
31700 31799 1 1 1 1 1 1 0 0 1 1 1 1 1 1
31800 31899 1 1 1 1 1 1 0 0 1 1 1 1 1 1
31900 31999 1 1 1 1 1 1 0 0 1 1 1 1 1 1
32000 32099 1 1 1 1 1 1 0 0 1 1 1 1 1 1
32100 32199 1 1 1 1 1 1 0 0 1 1 1 1 1 1
32200 32299 1 1 1 1 1 1 0 0 1 1 1 1 1 1
32300 32399 1 1 1 1 1 1 0 0 1 1 1 1 1 1
32400 32499 1 1 1 1 1 1 0 0 1 1 1 1 1 1
32500 32599 1 1 1 1 1 1 0 0 1 1 1 1 1 1
32600 32699 1 1 1 1 1 1 0 0 1 1 1 1 1 1
32700 32799 1 1 1 1 1 1 0 0 1 1 1 1 1 1
32800 32899 1 1 1 1 1 1 0 0 1 1 1 1 1 1
32900 32999 1 1 1 1 1 1 0 0 1 1 1 1 1 1
33000 33099 1 1 1 1 1 1 0 0 1 1 1 1 1 1
33100 33199 1 1 1 1 1 1 0 0 1 1 1 1 1 1
33200 33299 1 1 1 1 1 1 0 0 1 1 1 1 1 1
33300 33399 1 1 1 1 1 1 0 0 1 1 1 1 1 1
33400 33499 1 1 1 1 1 1 0 0 1 1 1 1 1 1
33500 33599 1 1 1 1 1 1 0 0 1 1 1 1 1 1
33600 33699 1 1 1 1 1 1 0 0 1 1 1 1 1 1
33700 33799 1 1 1 1 1 1 0 0 1 1 1 1 1 1
33800 33899 1 1 1 1 1 1 0 0 1 1 1 1 1 1
33900 33999 1 1 1 1 1 1 0 0 1 1 1 1 1 1
34000 34099 1 1 1 1 1 1 0 0 1 1 1 1 1 1
34100 34199 1 1 1 1 1 1 0 0 1 1 1 1 1 1
34200 34299 1 1 1 1 1 1 0 0 1 1 1 1 1 1
34300 34399 1 1 1 1 1 1 0 0 1 1 1 1 1 1
34400 34499 1 1 1 1 1 1 0 0 1 1 1 1 1 1
34500 34599 1 1 1 1 1 1 0 0 1 1 1 1 1 1
34600 34699 1 1 1 1 1 1 0 0 1 1 1 1 1 1
34700 34799 1 1 1 1 1 1 0 0 1 1 1 1 1 1
34800 34899 1 1 1 1 1 1 0 0 1 1 1 1 1 1
34900 34999 1 1 1 1 1 1 0 0 1 1 1 1 1 1
35000 35099 1 1 1 1 1 1 0 0 1 1 1 1 1 1
35100 35199 1 1 1 1 1 1 0 0 1 1 1 1 1 1
35200 35299 1 1 1 1 1 1 0 0 1 1 1 1 1 1
35300 35399 1 1 1 1 1 1 0 0 1 1 1 1 1 1
35400 35499 1 1 1 1 1 1 0 0 1 1 1 1 1 1
35500 35599 1 1 1 1 1 1 0 0 1 1 1 1 1 1
35600 35699 1 1 1 1 1 1 0 0 1 1 1 1 1 1
35700 35799 1 1 1 1 1 1 0 0 1 1 1 1 1 1
35800 35899 1 1 1 1 1 1 0 0 1 1 1 1 1 1
35900 35999 1 1 1 1 1 1 0 0 1 1 1 1 1 1
36000 36099 1 1 1 1 1 1 0 0 1 1 1 1 1 1
36100 36199 1 1 1 1 1 1 0 0 1 1 1 1 1 1
36200 36299 1 1 1 1 1 1 0 0 1 1 1 1 1 1
36300 36399 1 1 1 1 1 1 0 0 1 1 1 1 1 1
36400 36499 1 1 1 1 1 1 0 0 1 1 1 1 1 1
36500 36599 1 1 1 1 1 1 0 0 1 1 1 1 1 1
36600 36699 1 1 1 1 1 1 0 0 1 1 1 1 1 1
36700 36799 1 1 1 1 1 1 0 0 1 1 1 1 1 1
36800 36899 1 1 1 1 1 1 0 0 1 1 1 1 1 1
36900 36999 1 1 1 1 1 1 0 0 1 1 1 1 1 1
37000 37099 1 1 1 1 1 1 0 0 1 1 1 1 1 1
37100 37199 1 1 1 1 1 1 0 0 1 1 1 1 1 1
37200 37299 1 1 1 1 1 1 0 0 1 1 1 1 1 1
37300 37399 1 1 1 1 1 1 0 0 1 1 1 1 1 1
37400 37499 1 1 1 1 1 1 0 0 1 1 1 1 1 1
37500 37599 1 1 1 1 1 1 0 0 1 1 1 1 1 1
37600 37699 1 1 1 1 1 1 0 0 1 1 1 1 1 1
37700 37799 1 1 1 1 1 1 0 0 1 1 1 1 1 1
37800 37899 1 1 1 1 1 1 0 0 1 1 1 1 1 1
37900 37999 1 1 1 1 1 1 0 0 1 1 1 1 1 1
38000 38099 1 1 1 1 1 1 0 0 1 1 1 1 1 1
38100 38199 1 1 1 1 1 1 0 0 1 1 1 1 1 1
38200 38299 1 1 1 1 1 1 0 0 1 1 1 1 1 1
38300 38399 1 1 1 1 1 1 0 0 1 1 1 1 1 1
38400 38499 1 1 1 1 1 1 0 0 1 1 1 1 1 1
38500 38599 1 1 1 1 1 1 0 0 1 1 1 1 1 1
38600 38699 1 1 1 1 1 1 0 0 1 1 1 1 1 1
38700 38799 1 1 1 1 1 1 0 0 1 1 1 1 1 1
38800 38899 1 1 1 1 1 1 0 0 1 1 1 1 1 1
38900 38999 1 1 1 1 1 1 0 0 1 1 1 1 1 1
39000 39099 1 1 1 1 1 1 0 0 1 1 1 1 1 1
39100 39199 1 1 1 1 1 1 0 0 1 1 1 1 1 1
39200 39299 1 1 1 1 1 1 0 0 1 1 1 1 1 1
39300 39399 1 1 1 1 1 1 0 0 1 1 1 1 1 1
39400 39499 1 1 1 1 1 1 0 0 1 1 1 1 1 1
39500 39599 1 1 1 1 1 1 0 0 1 1 1 1 1 1
39600 39699 1 1 1 1 1 1 0 0 1 1 1 1 1 1
39700 39799 1 1 1 1 1 1 0 0 1 1 1 1 1 1
39800 39899 1 1 1 1 1 1 0 0 1 1 1 1 1 1
39900 39999 1 1 1 1 1 1 0 0 1 1 1 1 1 1
40000 40099 1 1 1 1 1 1 0 0 1 1 1 1 1 1
40100 40199 1 1 1 1 1 1 0 0 1 1 1 1 1 1
40200 40299 1 1 1 1 1 1 0 0 1 1 1 1 1 1
40300 40399 1 1 1 1 1 1 0 0 1 1 1 1 1 1
40400 40499 1 1 1 1 1 1 0 0 1 1 1 1 1 1
40500 40599 1 1 1 1 1 1 0 0 1 1 1 1 1 1
40600 40699 1 1 1 1 1 1 0 0 1 1 1 1 1 1
40700 40799 1 1 1 1 1 1 0 0 1 1 1 1 1 1
40800 40899 1 1 1 1 1 1 0 0 1 1 1 1 1 1
40900 40999 1 1 1 1 1 1 0 0 1 1 1 1 1 1
41000 41099 1 1 1 1 1 1 0 0 1 1 1 1 1 1
41100 41199 1 1 1 1 1 1 0 0 1 1 1 1 1 1
41200 41299 1 1 1 1 1 1 0 0 1 1 1 1 1 1
41300 41399 1 1 1 1 1 1 0 0 1 1 1 1 1 1
41400 41499 1 1 1 1 1 1 0 0 1 1 1 1 1 1
41500 41599 1 1 1 1 1 1 0 0 1 1 1 1 1 1
41600 41699 1 1 1 1 1 1 0 0 1 1 1 1 1 1
41700 41799 1 1 1 1 1 1 0 0 1 1 1 1 1 1
41800 41899 1 1 1 1 1 1 0 0 1 1 1 1 1 1
41900 41999 1 1 1 1 1 1 0 0 1 1 1 1 1 1
42000 42099 1 1 1 1 1 1 0 0 1 1 1 1 1 1
42100 42199 1 1 1 1 1 1 0 0 1 1 1 1 1 1
42200 42299 1 1 1 1 1 1 0 0 1 1 1 1 1 1
42300 42399 1 1 1 1 1 1 0 0 1 1 1 1 1 1
42400 42499 1 1 1 1 1 1 0 0 1 1 1 1 1 1
42500 42599 1 1 1 1 1 1 0 0 1 1 1 1 1 1
42600 42699 1 1 1 1 1 1 0 0 1 1 1 1 1 1
42700 42799 1 1 1 1 1 1 0 0 1 1 1 1 1 1
42800 42899 1 1 1 1 1 1 0 0 1 1 1 1 1 1
42900 42999 1 1 1 1 1 1 0 0 1 1 1 1 1 1
43000 43099 1 1 1 1 1 1 0 0 1 1 1 1 1 1
43100 43199 1 1 1 1 1 1 0 0 1 1 1 1 1 1
43200 43299 1 1 1 1 1 1 0 0 1 1 1 1 1 1
43300 43399 1 1 1 1 1 1 0 0 1 1 1 1 1 1
43400 43499 1 1 1 1 1 1 0 0 1 1 1 1 1 1
43500 43599 1 1 1 1 1 1 0 0 1 1 1 1 1 1
43600 43699 1 1 1 1 1 1 0 0 1 1 1 1 1 1
43700 43799 1 1 1 1 1 1 0 0 1 1 1 1 1 1
43800 43899 1 1 1 1 1 1 0 0 1 1 1 1 1 1
43900 43999 1 1 1 1 1 1 0 0 1 1 1 1 1 1
44000 44099 1 1 1 1 1 1 0 0 1 1 1 1 1 1
44100 44199 1 1 1 1 1 1 0 0 1 1 1 1 1 1
44200 44299 1 1 1 1 1 1 0 0 1 1 1 1 1 1
44300 44399 1 1 1 1 1 1 0 0 1 1 1 1 1 1
44400 44499 1 1 1 1 1 1 0 0 1 1 1 1 1 1
44500 44599 1 1 1 1 1 1 0 0 1 1 1 1 1 1
44600 44699 1 1 1 1 1 1 0 0 1 1 1 1 1 1
44700 44799 1 1 1 1 1 1 0 0 1 1 1 1 1 1
44800 44899 1 1 1 1 1 1 0 0 1 1 1 1 1 1
44900 44999 1 1 1 1 1 1 0 0 1 1 1 1 1 1
45000 45099 1 1 1 1 1 1 0 0 1 1 1 1 1 1
45100 45199 1 1 1 1 1 1 0 0 1 1 1 1 1 1
45200 45299 1 1 1 1 1 1 0 0 1 1 1 1 1 1
45300 45399 1 1 1 1 1 1 0 0 1 1 1 1 1 1
45400 45499 1 1 1 1 1 1 0 0 1 1 1 1 1 1
45500 45599 1 1 1 1 1 1 0 0 1 1 1 1 1 1
45600 45699 1 1 1 1 1 1 0 0 1 1 1 1 1 1
45700 45799 1 1 1 1 1 1 0 0 1 1 1 1 1 1
45800 45899 1 1 1 1 1 1 0 0 1 1 1 1 1 1
45900 45999 1 1 1 1 1 1 0 0 1 1 1 1 1 1
46000 46099 1 1 1 1 1 1 0 0 1 1 1 1 1 1
46100 46199 1 1 1 1 1 1 0 0 1 1 1 1 1 1
46200 46299 1 1 1 1 1 1 0 0 1 1 1 1 1 1
46300 46399 1 1 1 1 1 1 0 0 1 1 1 1 1 1
46400 46499 1 1 1 1 1 1 0 0 1 1 1 1 1 1
46500 46599 1 1 1 1 1 1 0 0 1 1 1 1 1 1
46600 46699 1 1 1 1 1 1 0 0 1 1 1 1 1 1
46700 46799 1 1 1 1 1 1 0 0 1 1 1 1 1 1
46800 46899 1 1 1 1 1 1 0 0 1 1 1 1 1 1
46900 46999 1 1 1 1 1 1 0 0 1 1 1 1 1 1
47000 47099 1 1 1 1 1 1 0 0 1 1 1 1 1 1
47100 47199 1 1 1 1 1 1 0 0 1 1 1 1 1 1
47200 47299 1 1 1 1 1 1 0 0 1 1 1 1 1 1
47300 47399 1 1 1 1 1 1 0 0 1 1 1 1 1 1
47400 47499 1 1 1 1 1 1 0 0 1 1 1 1 1 1
47500 47599 1 1 1 1 1 1 0 0 1 1 1 1 1 1
47600 47699 1 1 1 1 1 1 0 0 1 1 1 1 1 1
47700 47799 1 1 1 1 1 1 0 0 1 1 1 1 1 1
47800 47899 1 1 1 1 1 1 0 0 1 1 1 1 1 1
47900 47999 1 1 1 1 1 1 0 0 1 1 1 1 1 1
48000 48099 1 1 1 1 1 1 0 0 1 1 1 1 1 1
48100 48199 1 1 1 1 1 1 0 0 1 1 1 1 1 1
48200 48299 1 1 1 1 1 1 0 0 1 1 1 1 1 1
48300 48399 1 1 1 1 1 1 0 0 1 1 1 1 1 1
48400 48499 1 1 1 1 1 1 0 0 1 1 1 1 1 1
48500 48599 1 1 1 1 1 1 0 0 1 1 1 1 1 1
48600 48699 1 1 1 1 1 1 0 0 1 1 1 1 1 1
48700 48799 1 1 1 1 1 1 0 0 1 1 1 1 1 1
48800 48899 1 1 1 1 1 1 0 0 1 1 1 1 1 1
48900 48999 1 1 1 1 1 1 0 0 1 1 1 1 1 1
49000 49099 1 1 1 1 1 1 0 0 1 1 1 1 1 1
49100 49199 1 1 1 1 1 1 0 0 1 1 1 1 1 1
49200 49299 1 1 1 1 1 1 0 0 1 1 1 1 1 1
49300 49399 1 1 1 1 1 1 0 0 1 1 1 1 1 1
49400 49499 1 1 1 1 1 1 0 0 1 1 1 1 1 1
49500 49599 1 1 1 1 1 1 0 0 1 1 1 1 1 1
49600 49699 1 1 1 1 1 1 0 0 1 1 1 1 1 1
49700 49799 1 1 1 1 1 1 0 0 1 1 1 1 1 1
49800 49899 1 1 1 1 1 1 0 0 1 1 1 1 1 1
49900 49999 1 1 1 1 1 1 0 0 1 1 1 1 1 1
50000 50099 1 1 1 1 1 1 0 0 1 1 1 1 1 1
50100 50199 1 1 1 1 1 1 0 0 1 1 1 1 1 1
50200 50299 1 1 1 1 1 1 0 0 1 1 1 1 1 1
50300 50399 1 1 1 1 1 1 0 0 1 1 1 1 1 1
50400 50499 1 1 1 1 1 1 0 0 1 1 1 1 1 1
50500 50599 1 1 1 1 1 1 0 0 1 1 1 1 1 1
50600 50699 1 1 1 1 1 1 0 0 1 1 1 1 1 1
50700 50799 1 1 1 1 1 1 0 0 1 1 1 1 1 1
50800 50899 1 1 1 1 1 1 0 0 1 1 1 1 1 1
50900 50999 1 1 1 1 1 1 0 0 1 1 1 1 1 1
51000 51099 1 1 1 1 1 1 0 0 1 1 1 1 1 1
51100 51199 1 1 1 1 1 1 0 0 1 1 1 1 1 1
51200 51299 1 1 1 1 1 1 0 0 1 1 1 1 1 1
51300 51399 1 1 1 1 1 1 0 0 1 1 1 1 1 1
51400 51499 1 1 1 1 1 1 0 0 1 1 1 1 1 1
51500 51599 1 1 1 1 1 1 0 0 1 1 1 1 1 1
51600 51699 1 1 1 1 1 1 0 0 1 1 1 1 1 1
51700 51799 1 1 1 1 1 1 0 0 1 1 1 1 1 1
51800 51899 1 1 1 1 1 1 0 0 1 1 1 1 1 1
51900 51999 1 1 1 1 1 1 0 0 1 1 1 1 1 1
52000 52099 1 1 1 1 1 1 0 0 1 1 1 1 1 1
52100 52199 1 1 1 1 1 1 0 0 1 1 1 1 1 1
52200 52299 1 1 1 1 1 1 0 0 1 1 1 1 1 1
52300 52399 1 1 1 1 1 1 0 0 1 1 1 1 1 1
52400 52499 1 1 1 1 1 1 0 0 1 1 1 1 1 1
52500 52599 1 1 1 1 1 1 0 0 1 1 1 1 1 1
52600 52699 1 1 1 1 1 1 0 0 1 1 1 1 1 1
52700 52799 1 1 1 1 1 1 0 0 1 1 1 1 1 1
52800 52899 1 1 1 1 1 1 0 0 1 1 1 1 1 1
52900 52999 1 1 1 1 1 1 0 0 1 1 1 1 1 1
53000 53099 1 1 1 1 1 1 0 0 1 1 1 1 1 1
53100 53199 1 1 1 1 1 1 0 0 1 1 1 1 1 1
53200 53299 1 1 1 1 1 1 0 0 1 1 1 1 1 1
53300 53399 1 1 1 1 1 1 0 0 1 1 1 1 1 1
53400 53499 1 1 1 1 1 1 0 0 1 1 1 1 1 1
53500 53599 1 1 1 1 1 1 0 0 1 1 1 1 1 1
53600 53699 1 1 1 1 1 1 0 0 1 1 1 1 1 1
53700 53799 1 1 1 1 1 1 0 0 1 1 1 1 1 1
53800 53899 1 1 1 1 1 1 0 0 1 1 1 1 1 1
53900 53999 1 1 1 1 1 1 0 0 1 1 1 1 1 1
54000 54099 1 1 1 1 1 1 0 0 1 1 1 1 1 1
54100 54199 1 1 1 1 1 1 0 0 1 1 1 1 1 1
54200 54299 1 1 1 1 1 1 0 0 1 1 1 1 1 1
54300 54399 1 1 1 1 1 1 0 0 1 1 1 1 1 1
54400 54499 1 1 1 1 1 1 0 0 1 1 1 1 1 1
54500 54599 1 1 1 1 1 1 0 0 1 1 1 1 1 1
54600 54699 1 1 1 1 1 1 0 0 1 1 1 1 1 1
54700 54799 1 1 1 1 1 1 0 0 1 1 1 1 1 1
54800 54899 1 1 1 1 1 1 0 0 1 1 1 1 1 1
54900 54999 1 1 1 1 1 1 0 0 1 1 1 1 1 1
55000 55099 1 1 1 1 1 1 0 0 1 1 1 1 1 1
55100 55199 1 1 1 1 1 1 0 0 1 1 1 1 1 1
55200 55299 1 1 1 1 1 1 0 0 1 1 1 1 1 1
55300 55399 1 1 1 1 1 1 0 0 1 1 1 1 1 1
55400 55499 1 1 1 1 1 1 0 0 1 1 1 1 1 1
55500 55599 1 1 1 1 1 1 0 0 1 1 1 1 1 1
55600 55699 1 1 1 1 1 1 0 0 1 1 1 1 1 1
55700 55799 1 1 1 1 1 1 0 0 1 1 1 1 1 1
55800 55899 1 1 1 1 1 1 0 0 1 1 1 1 1 1
55900 55999 1 1 1 1 1 1 0 0 1 1 1 1 1 1
56000 56099 1 1 1 1 1 1 0 0 1 1 1 1 1 1
56100 56199 1 1 1 1 1 1 0 0 1 1 1 1 1 1
56200 56299 1 1 1 1 1 1 0 0 1 1 1 1 1 1
56300 56399 1 1 1 1 1 1 0 0 1 1 1 1 1 1
56400 56499 1 1 1 1 1 1 0 0 1 1 1 1 1 1
56500 56599 1 1 1 1 1 1 0 0 1 1 1 1 1 1
56600 56699 1 1 1 1 1 1 0 0 1 1 1 1 1 1
56700 56799 1 1 1 1 1 1 0 0 1 1 1 1 1 1
56800 56899 1 1 1 1 1 1 0 0 1 1 1 1 1 1
56900 56999 1 1 1 1 1 1 0 0 1 1 1 1 1 1
57000 57099 1 1 1 1 1 1 0 0 1 1 1 1 1 1
57100 57199 1 1 1 1 1 1 0 0 1 1 1 1 1 1
57200 57299 1 1 1 1 1 1 0 0 1 1 1 1 1 1
57300 57399 1 1 1 1 1 1 0 0 1 1 1 1 1 1
57400 57499 1 1 1 1 1 1 0 0 1 1 1 1 1 1
57500 57599 1 1 1 1 1 1 0 0 1 1 1 1 1 1
57600 57699 1 1 1 1 1 1 0 0 1 1 1 1 1 1
57700 57799 1 1 1 1 1 1 0 0 1 1 1 1 1 1
57800 57899 1 1 1 1 1 1 0 0 1 1 1 1 1 1
57900 57999 1 1 1 1 1 1 0 0 1 1 1 1 1 1
58000 58099 1 1 1 1 1 1 0 0 1 1 1 1 1 1
58100 58199 1 1 1 1 1 1 0 0 1 1 1 1 1 1
58200 58299 1 1 1 1 1 1 0 0 1 1 1 1 1 1
58300 58399 1 1 1 1 1 1 0 0 1 1 1 1 1 1
58400 58499 1 1 1 1 1 1 0 0 1 1 1 1 1 1
58500 58599 1 1 1 1 1 1 0 0 1 1 1 1 1 1
58600 58699 1 1 1 1 1 1 0 0 1 1 1 1 1 1
58700 58799 1 1 1 1 1 1 0 0 1 1 1 1 1 1
58800 58899 1 1 1 1 1 1 0 0 1 1 1 1 1 1
58900 58999 1 1 1 1 1 1 0 0 1 1 1 1 1 1
59000 59099 1 1 1 1 1 1 0 0 1 1 1 1 1 1
59100 59199 1 1 1 1 1 1 0 0 1 1 1 1 1 1
59200 59299 1 1 1 1 1 1 0 0 1 1 1 1 1 1
59300 59399 1 1 1 1 1 1 0 0 1 1 1 1 1 1
59400 59499 1 1 1 1 1 1 0 0 1 1 1 1 1 1
59500 59599 1 1 1 1 1 1 0 0 1 1 1 1 1 1
59600 59699 1 1 1 1 1 1 0 0 1 1 1 1 1 1
59700 59799 1 1 1 1 1 1 0 0 1 1 1 1 1 1
59800 59899 1 1 1 1 1 1 0 0 1 1 1 1 1 1
59900 59999 1 1 1 1 1 1 0 0 1 1 1 1 1 1
60000 60099 1 1 1 1 1 1 0 0 1 1 1 1 1 1
60100 60199 1 1 1 1 1 1 0 0 1 1 1 1 1 1
60200 60299 1 1 1 1 1 1 0 0 1 1 1 1 1 1
60300 60399 1 1 1 1 1 1 0 0 1 1 1 1 1 1
60400 60499 1 1 1 1 1 1 0 0 1 1 1 1 1 1
60500 60599 1 1 1 1 1 1 0 0 1 1 1 1 1 1
60600 60699 1 1 1 1 1 1 0 0 1 1 1 1 1 1
60700 60799 1 1 1 1 1 1 0 0 1 1 1 1 1 1
60800 60899 1 1 1 1 1 1 0 0 1 1 1 1 1 1
60900 60999 1 1 1 1 1 1 0 0 1 1 1 1 1 1
61000 61099 1 1 1 1 1 1 0 0 1 1 1 1 1 1
61100 61199 1 1 1 1 1 1 0 0 1 1 1 1 1 1
61200 61299 1 1 1 1 1 1 0 0 1 1 1 1 1 1
61300 61399 1 1 1 1 1 1 0 0 1 1 1 1 1 1
61400 61499 1 1 1 1 1 1 0 0 1 1 1 1 1 1
61500 61599 1 1 1 1 1 1 0 0 1 1 1 1 1 1
61600 61699 1 1 1 1 1 1 0 0 1 1 1 1 1 1
61700 61799 1 1 1 1 1 1 0 0 1 1 1 1 1 1
61800 61899 1 1 1 1 1 1 0 0 1 1 1 1 1 1
61900 61999 1 1 1 1 1 1 0 0 1 1 1 1 1 1
62000 62099 1 1 1 1 1 1 0 0 1 1 1 1 1 1
62100 62199 1 1 1 1 1 1 0 0 1 1 1 1 1 1
62200 62299 1 1 1 1 1 1 0 0 1 1 1 1 1 1
62300 62399 1 1 1 1 1 1 0 0 1 1 1 1 1 1
62400 62499 1 1 1 1 1 1 0 0 1 1 1 1 1 1
62500 62599 1 1 1 1 1 1 0 0 1 1 1 1 1 1
62600 62699 1 1 1 1 1 1 0 0 1 1 1 1 1 1
62700 62799 1 1 1 1 1 1 0 0 1 1 1 1 1 1
62800 62899 1 1 1 1 1 1 0 0 1 1 1 1 1 1
62900 62999 1 1 1 1 1 1 0 0 1 1 1 1 1 1
63000 63099 1 1 1 1 1 1 0 0 1 1 1 1 1 1
63100 63199 1 1 1 1 1 1 0 0 1 1 1 1 1 1
63200 63299 1 1 1 1 1 1 0 0 1 1 1 1 1 1
63300 63399 1 1 1 1 1 1 0 0 1 1 1 1 1 1
63400 63499 1 1 1 1 1 1 0 0 1 1 1 1 1 1
63500 63599 1 1 1 1 1 1 0 0 1 1 1 1 1 1
63600 63699 1 1 1 1 1 1 0 0 1 1 1 1 1 1
63700 63799 1 1 1 1 1 1 0 0 1 1 1 1 1 1
63800 63899 1 1 1 1 1 1 0 0 1 1 1 1 1 1
63900 63999 1 1 1 1 1 1 0 0 1 1 1 1 1 1
64000 64099 1 1 1 1 1 1 0 0 1 1 1 1 1 1
64100 64199 1 1 1 1 1 1 0 0 1 1 1 1 1 1
64200 64299 1 1 1 1 1 1 0 0 1 1 1 1 1 1
64300 64399 1 1 1 1 1 1 0 0 1 1 1 1 1 1
64400 64499 1 1 1 1 1 1 0 0 1 1 1 1 1 1
64500 64599 1 1 1 1 1 1 0 0 1 1 1 1 1 1
64600 64699 1 1 1 1 1 1 0 0 1 1 1 1 1 1
64700 64799 1 1 1 1 1 1 0 0 1 1 1 1 1 1
64800 64899 1 1 1 1 1 1 0 0 1 1 1 1 1 1
64900 64999 1 1 1 1 1 1 0 0 1 1 1 1 1 1
65000 65099 1 1 1 1 1 1 0 0 1 1 1 1 1 1
65100 65199 1 1 1 1 1 1 0 0 1 1 1 1 1 1
65200 65299 1 1 1 1 1 1 0 0 1 1 1 1 1 1
65300 65399 1 1 1 1 1 1 0 0 1 1 1 1 1 1
65400 65499 1 1 1 1 1 1 0 0 1 1 1 1 1 1
65500 65599 1 1 1 1 1 1 0 0 1 1 1 1 1 1
65600 65699 1 1 1 1 1 1 0 0 1 1 1 1 1 1
65700 65799 1 1 1 1 1 1 0 0 1 1 1 1 1 1
65800 65899 1 1 1 1 1 1 0 0 1 1 1 1 1 1
65900 65999 1 1 1 1 1 1 0 0 1 1 1 1 1 1
66000 66099 1 1 1 1 1 1 0 0 1 1 1 1 1 1
66100 66199 1 1 1 1 1 1 0 0 1 1 1 1 1 1
66200 66299 1 1 1 1 1 1 0 0 1 1 1 1 1 1
66300 66399 1 1 1 1 1 1 0 0 1 1 1 1 1 1
66400 66499 1 1 1 1 1 1 0 0 1 1 1 1 1 1
66500 66599 1 1 1 1 1 1 0 0 1 1 1 1 1 1
66600 66699 1 1 1 1 1 1 0 0 1 1 1 1 1 1
66700 66799 1 1 1 1 1 1 0 0 1 1 1 1 1 1
66800 66899 1 1 1 1 1 1 0 0 1 1 1 1 1 1
66900 66999 1 1 1 1 1 1 0 0 1 1 1 1 1 1
67000 67099 1 1 1 1 1 1 0 0 1 1 1 1 1 1
67100 67199 1 1 1 1 1 1 0 0 1 1 1 1 1 1
67200 67299 1 1 1 1 1 1 0 0 1 1 1 1 1 1
67300 67399 1 1 1 1 1 1 0 0 1 1 1 1 1 1
67400 67499 1 1 1 1 1 1 0 0 1 1 1 1 1 1
67500 67599 1 1 1 1 1 1 0 0 1 1 1 1 1 1
67600 67699 1 1 1 1 1 1 0 0 1 1 1 1 1 1
67700 67799 1 1 1 1 1 1 0 0 1 1 1 1 1 1
67800 67899 1 1 1 1 1 1 0 0 1 1 1 1 1 1
67900 67999 1 1 1 1 1 1 0 0 1 1 1 1 1 1
68000 68099 1 1 1 1 1 1 0 0 1 1 1 1 1 1
68100 68199 1 1 1 1 1 1 0 0 1 1 1 1 1 1
68200 68299 1 1 1 1 1 1 0 0 1 1 1 1 1 1
68300 68399 1 1 1 1 1 1 0 0 1 1 1 1 1 1
68400 68499 1 1 1 1 1 1 0 0 1 1 1 1 1 1
68500 68599 1 1 1 1 1 1 0 0 1 1 1 1 1 1
68600 68699 1 1 1 1 1 1 0 0 1 1 1 1 1 1
68700 68799 1 1 1 1 1 1 0 0 1 1 1 1 1 1
68800 68899 1 1 1 1 1 1 0 0 1 1 1 1 1 1
68900 68999 1 1 1 1 1 1 0 0 1 1 1 1 1 1
69000 69099 1 1 1 1 1 1 0 0 1 1 1 1 1 1
69100 69199 1 1 1 1 1 1 0 0 1 1 1 1 1 1
69200 69299 1 1 1 1 1 1 0 0 1 1 1 1 1 1
69300 69399 1 1 1 1 1 1 0 0 1 1 1 1 1 1
69400 69499 1 1 1 1 1 1 0 0 1 1 1 1 1 1
69500 69599 1 1 1 1 1 1 0 0 1 1 1 1 1 1
69600 69699 1 1 1 1 1 1 0 0 1 1 1 1 1 1
69700 69799 1 1 1 1 1 1 0 0 1 1 1 1 1 1
69800 69899 1 1 1 1 1 1 0 0 1 1 1 1 1 1
69900 69999 1 1 1 1 1 1 0 0 1 1 1 1 1 1
70000 70099 1 1 1 1 1 1 0 0 1 1 1 1 1 1
70100 70199 1 1 1 1 1 1 0 0 1 1 1 1 1 1
70200 70299 1 1 1 1 1 1 0 0 1 1 1 1 1 1
70300 70399 1 1 1 1 1 1 0 0 1 1 1 1 1 1
70400 70499 1 1 1 1 1 1 0 0 1 1 1 1 1 1
70500 70599 1 1 1 1 1 1 0 0 1 1 1 1 1 1
70600 70699 1 1 1 1 1 1 0 0 1 1 1 1 1 1
70700 70799 1 1 1 1 1 1 0 0 1 1 1 1 1 1
70800 70899 1 1 1 1 1 1 0 0 1 1 1 1 1 1
70900 70999 1 1 1 1 1 1 0 0 1 1 1 1 1 1
71000 71099 1 1 1 1 1 1 0 0 1 1 1 1 1 1
71100 71199 1 1 1 1 1 1 0 0 1 1 1 1 1 1
71200 71299 1 1 1 1 1 1 0 0 1 1 1 1 1 1
71300 71399 1 1 1 1 1 1 0 0 1 1 1 1 1 1
71400 71499 1 1 1 1 1 1 0 0 1 1 1 1 1 1
71500 71599 1 1 1 1 1 1 0 0 1 1 1 1 1 1
71600 71699 1 1 1 1 1 1 0 0 1 1 1 1 1 1
71700 71799 1 1 1 1 1 1 0 0 1 1 1 1 1 1
71800 71899 1 1 1 1 1 1 0 0 1 1 1 1 1 1
71900 71999 1 1 1 1 1 1 0 0 1 1 1 1 1 1
72000 72099 1 1 1 1 1 1 0 0 1 1 1 1 1 1
72100 72199 1 1 1 1 1 1 0 0 1 1 1 1 1 1
72200 72299 1 1 1 1 1 1 0 0 1 1 1 1 1 1
72300 72399 1 1 1 1 1 1 0 0 1 1 1 1 1 1
72400 72499 1 1 1 1 1 1 0 0 1 1 1 1 1 1
72500 72599 1 1 1 1 1 1 0 0 1 1 1 1 1 1
72600 72699 1 1 1 1 1 1 0 0 1 1 1 1 1 1
72700 72799 1 1 1 1 1 1 0 0 1 1 1 1 1 1
72800 72899 1 1 1 1 1 1 0 0 1 1 1 1 1 1
72900 72999 1 1 1 1 1 1 0 0 1 1 1 1 1 1
73000 73099 1 1 1 1 1 1 0 0 1 1 1 1 1 1
73100 73199 1 1 1 1 1 1 0 0 1 1 1 1 1 1
73200 73299 1 1 1 1 1 1 0 0 1 1 1 1 1 1
73300 73399 1 1 1 1 1 1 0 0 1 1 1 1 1 1
73400 73499 1 1 1 1 1 1 0 0 1 1 1 1 1 1
73500 73599 1 1 1 1 1 1 0 0 1 1 1 1 1 1
73600 73699 1 1 1 1 1 1 0 0 1 1 1 1 1 1
73700 73799 1 1 1 1 1 1 0 0 1 1 1 1 1 1
73800 73899 1 1 1 1 1 1 0 0 1 1 1 1 1 1
73900 73999 1 1 1 1 1 1 0 0 1 1 1 1 1 1
74000 74099 1 1 1 1 1 1 0 0 1 1 1 1 1 1
74100 74199 1 1 1 1 1 1 0 0 1 1 1 1 1 1
74200 74299 1 1 1 1 1 1 0 0 1 1 1 1 1 1
74300 74399 1 1 1 1 1 1 0 0 1 1 1 1 1 1
74400 74499 1 1 1 1 1 1 0 0 1 1 1 1 1 1
74500 74599 1 1 1 1 1 1 0 0 1 1 1 1 1 1
74600 74699 1 1 1 1 1 1 0 0 1 1 1 1 1 1
74700 74799 1 1 1 1 1 1 0 0 1 1 1 1 1 1
74800 74899 1 1 1 1 1 1 0 0 1 1 1 1 1 1
74900 74999 1 1 1 1 1 1 0 0 1 1 1 1 1 1
75000 75099 1 1 1 1 1 1 0 0 1 1 1 1 1 1
75100 75199 1 1 1 1 1 1 0 0 1 1 1 1 1 1
75200 75299 1 1 1 1 1 1 0 0 1 1 1 1 1 1
75300 75399 1 1 1 1 1 1 0 0 1 1 1 1 1 1
75400 75499 1 1 1 1 1 1 0 0 1 1 1 1 1 1
75500 75599 1 1 1 1 1 1 0 0 1 1 1 1 1 1
75600 75699 1 1 1 1 1 1 0 0 1 1 1 1 1 1
75700 75799 1 1 1 1 1 1 0 0 1 1 1 1 1 1
75800 75899 1 1 1 1 1 1 0 0 1 1 1 1 1 1
75900 75999 1 1 1 1 1 1 0 0 1 1 1 1 1 1
76000 76099 1 1 1 1 1 1 0 0 1 1 1 1 1 1
76100 76199 1 1 1 1 1 1 0 0 1 1 1 1 1 1
76200 76299 1 1 1 1 1 1 0 0 1 1 1 1 1 1
76300 76399 1 1 1 1 1 1 0 0 1 1 1 1 1 1
76400 76499 1 1 1 1 1 1 0 0 1 1 1 1 1 1
76500 76599 1 1 1 1 1 1 0 0 1 1 1 1 1 1
76600 76699 1 1 1 1 1 1 0 0 1 1 1 1 1 1
76700 76799 1 1 1 1 1 1 0 0 1 1 1 1 1 1
76800 76899 1 1 1 1 1 1 0 0 1 1 1 1 1 1
76900 76999 1 1 1 1 1 1 0 0 1 1 1 1 1 1
77000 77099 1 1 1 1 1 1 0 0 1 1 1 1 1 1
77100 77199 1 1 1 1 1 1 0 0 1 1 1 1 1 1
77200 77299 1 1 1 1 1 1 0 0 1 1 1 1 1 1
77300 77399 1 1 1 1 1 1 0 0 1 1 1 1 1 1
77400 77499 1 1 1 1 1 1 0 0 1 1 1 1 1 1
77500 77599 1 1 1 1 1 1 0 0 1 1 1 1 1 1
77600 77699 1 1 1 1 1 1 0 0 1 1 1 1 1 1
77700 77799 1 1 1 1 1 1 0 0 1 1 1 1 1 1
77800 77899 1 1 1 1 1 1 0 0 1 1 1 1 1 1
77900 77999 1 1 1 1 1 1 0 0 1 1 1 1 1 1
78000 78099 1 1 1 1 1 1 0 0 1 1 1 1 1 1
78100 78199 1 1 1 1 1 1 0 0 1 1 1 1 1 1
78200 78299 1 1 1 1 1 1 0 0 1 1 1 1 1 1
78300 78399 1 1 1 1 1 1 0 0 1 1 1 1 1 1
78400 78499 1 1 1 1 1 1 0 0 1 1 1 1 1 1
78500 78599 1 1 1 1 1 1 0 0 1 1 1 1 1 1
78600 78699 1 1 1 1 1 1 0 0 1 1 1 1 1 1
78700 78799 1 1 1 1 1 1 0 0 1 1 1 1 1 1
78800 78899 1 1 1 1 1 1 0 0 1 1 1 1 1 1
78900 78999 1 1 1 1 1 1 0 0 1 1 1 1 1 1
79000 79099 1 1 1 1 1 1 0 0 1 1 1 1 1 1
79100 79199 1 1 1 1 1 1 0 0 1 1 1 1 1 1
79200 79299 1 1 1 1 1 1 0 0 1 1 1 1 1 1
79300 79399 1 1 1 1 1 1 0 0 1 1 1 1 1 1
79400 79499 1 1 1 1 1 1 0 0 1 1 1 1 1 1
79500 79599 1 1 1 1 1 1 0 0 1 1 1 1 1 1
79600 79699 1 1 1 1 1 1 0 0 1 1 1 1 1 1
79700 79799 1 1 1 1 1 1 0 0 1 1 1 1 1 1
79800 79899 1 1 1 1 1 1 0 0 1 1 1 1 1 1
79900 79999 1 1 1 1 1 1 0 0 1 1 1 1 1 1
80000 80099 1 1 1 1 1 1 0 0 1 1 1 1 1 1
80100 80199 1 1 1 1 1 1 0 0 1 1 1 1 1 1
80200 80299 1 1 1 1 1 1 0 0 1 1 1 1 1 1
80300 80399 1 1 1 1 1 1 0 0 1 1 1 1 1 1
80400 80499 1 1 1 1 1 1 0 0 1 1 1 1 1 1
80500 80599 1 1 1 1 1 1 0 0 1 1 1 1 1 1
80600 80699 1 1 1 1 1 1 0 0 1 1 1 1 1 1
80700 80799 1 1 1 1 1 1 0 0 1 1 1 1 1 1
80800 80899 1 1 1 1 1 1 0 0 1 1 1 1 1 1
80900 80999 1 1 1 1 1 1 0 0 1 1 1 1 1 1
81000 81099 1 1 1 1 1 1 0 0 1 1 1 1 1 1
81100 81199 1 1 1 1 1 1 0 0 1 1 1 1 1 1
81200 81299 1 1 1 1 1 1 0 0 1 1 1 1 1 1
81300 81399 1 1 1 1 1 1 0 0 1 1 1 1 1 1
81400 81499 1 1 1 1 1 1 0 0 1 1 1 1 1 1
81500 81599 1 1 1 1 1 1 0 0 1 1 1 1 1 1
81600 81699 1 1 1 1 1 1 0 0 1 1 1 1 1 1
81700 81799 1 1 1 1 1 1 0 0 1 1 1 1 1 1
81800 81899 1 1 1 1 1 1 0 0 1 1 1 1 1 1
81900 81999 1 1 1 1 1 1 0 0 1 1 1 1 1 1
82000 82099 1 1 1 1 1 1 0 0 1 1 1 1 1 1
82100 82199 1 1 1 1 1 1 0 0 1 1 1 1 1 1
82200 82299 1 1 1 1 1 1 0 0 1 1 1 1 1 1
82300 82399 1 1 1 1 1 1 0 0 1 1 1 1 1 1
82400 82499 1 1 1 1 1 1 0 0 1 1 1 1 1 1
82500 82599 1 1 1 1 1 1 0 0 1 1 1 1 1 1
82600 82699 1 1 1 1 1 1 0 0 1 1 1 1 1 1
82700 82799 1 1 1 1 1 1 0 0 1 1 1 1 1 1
82800 82899 1 1 1 1 1 1 0 0 1 1 1 1 1 1
82900 82999 1 1 1 1 1 1 0 0 1 1 1 1 1 1
83000 83099 1 1 1 1 1 1 0 0 1 1 1 1 1 1
83100 83199 1 1 1 1 1 1 0 0 1 1 1 1 1 1
83200 83299 1 1 1 1 1 1 0 0 1 1 1 1 1 1
83300 83399 1 1 1 1 1 1 0 0 1 1 1 1 1 1
83400 83499 1 1 1 1 1 1 0 0 1 1 1 1 1 1
83500 83599 1 1 1 1 1 1 0 0 1 1 1 1 1 1
83600 83699 1 1 1 1 1 1 0 0 1 1 1 1 1 1
83700 83799 1 1 1 1 1 1 0 0 1 1 1 1 1 1
83800 83899 1 1 1 1 1 1 0 0 1 1 1 1 1 1
83900 83999 1 1 1 1 1 1 0 0 1 1 1 1 1 1
84000 84099 1 1 1 1 1 1 0 0 1 1 1 1 1 1
84100 84199 1 1 1 1 1 1 0 0 1 1 1 1 1 1
84200 84299 1 1 1 1 1 1 0 0 1 1 1 1 1 1
84300 84399 1 1 1 1 1 1 0 0 1 1 1 1 1 1
84400 84499 1 1 1 1 1 1 0 0 1 1 1 1 1 1
84500 84599 1 1 1 1 1 1 0 0 1 1 1 1 1 1
84600 84699 1 1 1 1 1 1 0 0 1 1 1 1 1 1
84700 84799 1 1 1 1 1 1 0 0 1 1 1 1 1 1
84800 84899 1 1 1 1 1 1 0 0 1 1 1 1 1 1
84900 84999 1 1 1 1 1 1 0 0 1 1 1 1 1 1
85000 85099 1 1 1 1 1 1 0 0 1 1 1 1 1 1
85100 85199 1 1 1 1 1 1 0 0 1 1 1 1 1 1
85200 85299 1 1 1 1 1 1 0 0 1 1 1 1 1 1
85300 85399 1 1 1 1 1 1 0 0 1 1 1 1 1 1
85400 85499 1 1 1 1 1 1 0 0 1 1 1 1 1 1
85500 85599 1 1 1 1 1 1 0 0 1 1 1 1 1 1
85600 85699 1 1 1 1 1 1 0 0 1 1 1 1 1 1
85700 85799 1 1 1 1 1 1 0 0 1 1 1 1 1 1
85800 85899 1 1 1 1 1 1 0 0 1 1 1 1 1 1
85900 85999 1 1 1 1 1 1 0 0 1 1 1 1 1 1
86000 86099 1 1 1 1 1 1 0 0 1 1 1 1 1 1
86100 86199 1 1 1 1 1 1 0 0 1 1 1 1 1 1
86200 86299 1 1 1 1 1 1 0 0 1 1 1 1 1 1
86300 86399 1 1 1 1 1 1 0 0 1 1 1 1 1 1
86400 86499 1 1 1 1 1 1 0 0 1 1 1 1 1 1
86500 86599 1 1 1 1 1 1 0 0 1 1 1 1 1 1
86600 86699 1 1 1 1 1 1 0 0 1 1 1 1 1 1
86700 86799 1 1 1 1 1 1 0 0 1 1 1 1 1 1
86800 86899 1 1 1 1 1 1 0 0 1 1 1 1 1 1
86900 86999 1 1 1 1 1 1 0 0 1 1 1 1 1 1
87000 87099 1 1 1 1 1 1 0 0 1 1 1 1 1 1
87100 87199 1 1 1 1 1 1 0 0 1 1 1 1 1 1
87200 87299 1 1 1 1 1 1 0 0 1 1 1 1 1 1
87300 87399 1 1 1 1 1 1 0 0 1 1 1 1 1 1
87400 87499 1 1 1 1 1 1 0 0 1 1 1 1 1 1
87500 87599 1 1 1 1 1 1 0 0 1 1 1 1 1 1
87600 87699 1 1 1 1 1 1 0 0 1 1 1 1 1 1
87700 87799 1 1 1 1 1 1 0 0 1 1 1 1 1 1
87800 87899 1 1 1 1 1 1 0 0 1 1 1 1 1 1
87900 87999 1 1 1 1 1 1 0 0 1 1 1 1 1 1
88000 88099 1 1 1 1 1 1 0 0 1 1 1 1 1 1
88100 88199 1 1 1 1 1 1 0 0 1 1 1 1 1 1
88200 88299 1 1 1 1 1 1 0 0 1 1 1 1 1 1
88300 88399 1 1 1 1 1 1 0 0 1 1 1 1 1 1
88400 88499 1 1 1 1 1 1 0 0 1 1 1 1 1 1
88500 88599 1 1 1 1 1 1 0 0 1 1 1 1 1 1
88600 88699 1 1 1 1 1 1 0 0 1 1 1 1 1 1
88700 88799 1 1 1 1 1 1 0 0 1 1 1 1 1 1
88800 88899 1 1 1 1 1 1 0 0 1 1 1 1 1 1
88900 88999 1 1 1 1 1 1 0 0 1 1 1 1 1 1
89000 89099 1 1 1 1 1 1 0 0 1 1 1 1 1 1
89100 89199 1 1 1 1 1 1 0 0 1 1 1 1 1 1
89200 89299 1 1 1 1 1 1 0 0 1 1 1 1 1 1
89300 89399 1 1 1 1 1 1 0 0 1 1 1 1 1 1
89400 89499 1 1 1 1 1 1 0 0 1 1 1 1 1 1
89500 89599 1 1 1 1 1 1 0 0 1 1 1 1 1 1
89600 89699 1 1 1 1 1 1 0 0 1 1 1 1 1 1
89700 89799 1 1 1 1 1 1 0 0 1 1 1 1 1 1
89800 89899 1 1 1 1 1 1 0 0 1 1 1 1 1 1
89900 89999 1 1 1 1 1 1 0 0 1 1 1 1 1 1
90000 90099 1 1 1 1 1 1 0 0 1 1 1 1 1 1
90100 90199 1 1 1 1 1 1 0 0 1 1 1 1 1 1
90200 90299 1 1 1 1 1 1 0 0 1 1 1 1 1 1
90300 90399 1 1 1 1 1 1 0 0 1 1 1 1 1 1
90400 90499 1 1 1 1 1 1 0 0 1 1 1 1 1 1
90500 90599 1 1 1 1 1 1 0 0 1 1 1 1 1 1
90600 90699 1 1 1 1 1 1 0 0 1 1 1 1 1 1
90700 90799 1 1 1 1 1 1 0 0 1 1 1 1 1 1
90800 90899 1 1 1 1 1 1 0 0 1 1 1 1 1 1
90900 90999 1 1 1 1 1 1 0 0 1 1 1 1 1 1
91000 91099 1 1 1 1 1 1 0 0 1 1 1 1 1 1
91100 91199 1 1 1 1 1 1 0 0 1 1 1 1 1 1
91200 91299 1 1 1 1 1 1 0 0 1 1 1 1 1 1
91300 91399 1 1 1 1 1 1 0 0 1 1 1 1 1 1
91400 91499 1 1 1 1 1 1 0 0 1 1 1 1 1 1
91500 91599 1 1 1 1 1 1 0 0 1 1 1 1 1 1
91600 91699 1 1 1 1 1 1 0 0 1 1 1 1 1 1
91700 91799 1 1 1 1 1 1 0 0 1 1 1 1 1 1
91800 91899 1 1 1 1 1 1 0 0 1 1 1 1 1 1
91900 91999 1 1 1 1 1 1 0 0 1 1 1 1 1 1
92000 92099 1 1 1 1 1 1 0 0 1 1 1 1 1 1
92100 92199 1 1 1 1 1 1 0 0 1 1 1 1 1 1
92200 92299 1 1 1 1 1 1 0 0 1 1 1 1 1 1
92300 92399 1 1 1 1 1 1 0 0 1 1 1 1 1 1
92400 92499 1 1 1 1 1 1 0 0 1 1 1 1 1 1
92500 92599 1 1 1 1 1 1 0 0 1 1 1 1 1 1
92600 92699 1 1 1 1 1 1 0 0 1 1 1 1 1 1
92700 92799 1 1 1 1 1 1 0 0 1 1 1 1 1 1
92800 92899 1 1 1 1 1 1 0 0 1 1 1 1 1 1
92900 92999 1 1 1 1 1 1 0 0 1 1 1 1 1 1
93000 93099 1 1 1 1 1 1 0 0 1 1 1 1 1 1
93100 93199 1 1 1 1 1 1 0 0 1 1 1 1 1 1
93200 93299 1 1 1 1 1 1 0 0 1 1 1 1 1 1
93300 93399 1 1 1 1 1 1 0 0 1 1 1 1 1 1
93400 93499 1 1 1 1 1 1 0 0 1 1 1 1 1 1
93500 93599 1 1 1 1 1 1 0 0 1 1 1 1 1 1
93600 93699 1 1 1 1 1 1 0 0 1 1 1 1 1 1
93700 93799 1 1 1 1 1 1 0 0 1 1 1 1 1 1
93800 93899 1 1 1 1 1 1 0 0 1 1 1 1 1 1
93900 93999 1 1 1 1 1 1 0 0 1 1 1 1 1 1
94000 94099 1 1 1 1 1 1 0 0 1 1 1 1 1 1
94100 94199 1 1 1 1 1 1 0 0 1 1 1 1 1 1
94200 94299 1 1 1 1 1 1 0 0 1 1 1 1 1 1
94300 94399 1 1 1 1 1 1 0 0 1 1 1 1 1 1
94400 94499 1 1 1 1 1 1 0 0 1 1 1 1 1 1
94500 94599 1 1 1 1 1 1 0 0 1 1 1 1 1 1
94600 94699 1 1 1 1 1 1 0 0 1 1 1 1 1 1
94700 94799 1 1 1 1 1 1 0 0 1 1 1 1 1 1
94800 94899 1 1 1 1 1 1 0 0 1 1 1 1 1 1
94900 94999 1 1 1 1 1 1 0 0 1 1 1 1 1 1
95000 95099 1 1 1 1 1 1 0 0 1 1 1 1 1 1
95100 95199 1 1 1 1 1 1 0 0 1 1 1 1 1 1
95200 95299 1 1 1 1 1 1 0 0 1 1 1 1 1 1
95300 95399 1 1 1 1 1 1 0 0 1 1 1 1 1 1
95400 95499 1 1 1 1 1 1 0 0 1 1 1 1 1 1
95500 95599 1 1 1 1 1 1 0 0 1 1 1 1 1 1
95600 95699 1 1 1 1 1 1 0 0 1 1 1 1 1 1
95700 95799 1 1 1 1 1 1 0 0 1 1 1 1 1 1
95800 95899 1 1 1 1 1 1 0 0 1 1 1 1 1 1
95900 95999 1 1 1 1 1 1 0 0 1 1 1 1 1 1
96000 96099 1 1 1 1 1 1 0 0 1 1 1 1 1 1
96100 96199 1 1 1 1 1 1 0 0 1 1 1 1 1 1
96200 96299 1 1 1 1 1 1 0 0 1 1 1 1 1 1
96300 96399 1 1 1 1 1 1 0 0 1 1 1 1 1 1
96400 96499 1 1 1 1 1 1 0 0 1 1 1 1 1 1
96500 96599 1 1 1 1 1 1 0 0 1 1 1 1 1 1
96600 96699 1 1 1 1 1 1 0 0 1 1 1 1 1 1
96700 96799 1 1 1 1 1 1 0 0 1 1 1 1 1 1
96800 96899 1 1 1 1 1 1 0 0 1 1 1 1 1 1
96900 96999 1 1 1 1 1 1 0 0 1 1 1 1 1 1
97000 97099 1 1 1 1 1 1 0 0 1 1 1 1 1 1
97100 97199 1 1 1 1 1 1 0 0 1 1 1 1 1 1
97200 97299 1 1 1 1 1 1 0 0 1 1 1 1 1 1
97300 97399 1 1 1 1 1 1 0 0 1 1 1 1 1 1
97400 97499 1 1 1 1 1 1 0 0 1 1 1 1 1 1
97500 97599 1 1 1 1 1 1 0 0 1 1 1 1 1 1
97600 97699 1 1 1 1 1 1 0 0 1 1 1 1 1 1
97700 97799 1 1 1 1 1 1 0 0 1 1 1 1 1 1
97800 97899 1 1 1 1 1 1 0 0 1 1 1 1 1 1
97900 97999 1 1 1 1 1 1 0 0 1 1 1 1 1 1
98000 98099 1 1 1 1 1 1 0 0 1 1 1 1 1 1
98100 98199 1 1 1 1 1 1 0 0 1 1 1 1 1 1
98200 98299 1 1 1 1 1 1 0 0 1 1 1 1 1 1
98300 98399 1 1 1 1 1 1 0 0 1 1 1 1 1 1
98400 98499 1 1 1 1 1 1 0 0 1 1 1 1 1 1
98500 98599 1 1 1 1 1 1 0 0 1 1 1 1 1 1
98600 98699 1 1 1 1 1 1 0 0 1 1 1 1 1 1
98700 98799 1 1 1 1 1 1 0 0 1 1 1 1 1 1
98800 98899 1 1 1 1 1 1 0 0 1 1 1 1 1 1
98900 98999 1 1 1 1 1 1 0 0 1 1 1 1 1 1
99000 99099 1 1 1 1 1 1 0 0 1 1 1 1 1 1
99100 99199 1 1 1 1 1 1 0 0 1 1 1 1 1 1
99200 99299 1 1 1 1 1 1 0 0 1 1 1 1 1 1
99300 99399 1 1 1 1 1 1 0 0 1 1 1 1 1 1
99400 99499 1 1 1 1 1 1 0 0 1 1 1 1 1 1
99500 99599 1 1 1 1 1 1 0 0 1 1 1 1 1 1
99600 99699 1 1 1 1 1 1 0 0 1 1 1 1 1 1
99700 99799 1 1 1 1 1 1 0 0 1 1 1 1 1 1
99800 99899 1 1 1 1 1 1 0 0 1 1 1 1 1 1
99900 99999 1 1 1 1 1 1 0 0 1 1 1 1 1 1
100000 100099 1 1 1 1 1 1 0 0 1 1 1 1 1 1
100100 100199 1 1 1 1 1 1 0 0 1 1 1 1 1 1
100200 100299 1 1 1 1 1 1 0 0 1 1 1 1 1 1
100300 100399 1 1 1 1 1 1 0 0 1 1 1 1 1 1
100400 100499 1 1 1 1 1 1 0 0 1 1 1 1 1 1
100500 100599 1 1 1 1 1 1 0 0 1 1 1 1 1 1
100600 100699 1 1 1 1 1 1 0 0 1 1 1 1 1 1
100700 100799 1 1 1 1 1 1 0 0 1 1 1 1 1 1
100800 100899 1 1 1 1 1 1 0 0 1 1 1 1 1 1
100900 100999 1 1 1 1 1 1 0 0 1 1 1 1 1 1
101000 101099 1 1 1 1 1 1 0 0 1 1 1 1 1 1
101100 101199 1 1 1 1 1 1 0 0 1 1 1 1 1 1
101200 101299 1 1 1 1 1 1 0 0 1 1 1 1 1 1
101300 101399 1 1 1 1 1 1 0 0 1 1 1 1 1 1
101400 101499 1 1 1 1 1 1 0 0 1 1 1 1 1 1
101500 101599 1 1 1 1 1 1 0 0 1 1 1 1 1 1
101600 101699 1 1 1 1 1 1 0 0 1 1 1 1 1 1
101700 101799 1 1 1 1 1 1 0 0 1 1 1 1 1 1
101800 101899 1 1 1 1 1 1 0 0 1 1 1 1 1 1
101900 101999 1 1 1 1 1 1 0 0 1 1 1 1 1 1
102000 102099 1 1 1 1 1 1 0 0 1 1 1 1 1 1
102100 102199 1 1 1 1 1 1 0 0 1 1 1 1 1 1
102200 102299 1 1 1 1 1 1 0 0 1 1 1 1 1 1
102300 102399 1 1 1 1 1 1 0 0 1 1 1 1 1 1
102400 102499 1 1 1 1 1 1 0 0 1 1 1 1 1 1
102500 102599 1 1 1 1 1 1 0 0 1 1 1 1 1 1
102600 102699 1 1 1 1 1 1 0 0 1 1 1 1 1 1
102700 102799 1 1 1 1 1 1 0 0 1 1 1 1 1 1
102800 102899 1 1 1 1 1 1 0 0 1 1 1 1 1 1
102900 102999 1 1 1 1 1 1 0 0 1 1 1 1 1 1
103000 103099 1 1 1 1 1 1 0 0 1 1 1 1 1 1
103100 103199 1 1 1 1 1 1 0 0 1 1 1 1 1 1
103200 103299 1 1 1 1 1 1 0 0 1 1 1 1 1 1
103300 103399 1 1 1 1 1 1 0 0 1 1 1 1 1 1
103400 103499 1 1 1 1 1 1 0 0 1 1 1 1 1 1
103500 103599 1 1 1 1 1 1 0 0 1 1 1 1 1 1
103600 103699 1 1 1 1 1 1 0 0 1 1 1 1 1 1
103700 103799 1 1 1 1 1 1 0 0 1 1 1 1 1 1
103800 103899 1 1 1 1 1 1 0 0 1 1 1 1 1 1
103900 103999 1 1 1 1 1 1 0 0 1 1 1 1 1 1
104000 104099 1 1 1 1 1 1 0 0 1 1 1 1 1 1
104100 104199 1 1 1 1 1 1 0 0 1 1 1 1 1 1
104200 104299 1 1 1 1 1 1 0 0 1 1 1 1 1 1
104300 104399 1 1 1 1 1 1 0 0 1 1 1 1 1 1
104400 104499 1 1 1 1 1 1 0 0 1 1 1 1 1 1
104500 104599 1 1 1 1 1 1 0 0 1 1 1 1 1 1
104600 104699 1 1 1 1 1 1 0 0 1 1 1 1 1 1
104700 104799 1 1 1 1 1 1 0 0 1 1 1 1 1 1
104800 104899 1 1 1 1 1 1 0 0 1 1 1 1 1 1
104900 104999 1 1 1 1 1 1 0 0 1 1 1 1 1 1
105000 105099 1 1 1 1 1 1 0 0 1 1 1 1 1 1
105100 105199 1 1 1 1 1 1 0 0 1 1 1 1 1 1
105200 105299 1 1 1 1 1 1 0 0 1 1 1 1 1 1
105300 105399 1 1 1 1 1 1 0 0 1 1 1 1 1 1
105400 105499 1 1 1 1 1 1 0 0 1 1 1 1 1 1
105500 105599 1 1 1 1 1 1 0 0 1 1 1 1 1 1
105600 105699 1 1 1 1 1 1 0 0 1 1 1 1 1 1
105700 105799 1 1 1 1 1 1 0 0 1 1 1 1 1 1
105800 105899 1 1 1 1 1 1 0 0 1 1 1 1 1 1
105900 105999 1 1 1 1 1 1 0 0 1 1 1 1 1 1
106000 106099 1 1 1 1 1 1 0 0 1 1 1 1 1 1
106100 106199 1 1 1 1 1 1 0 0 1 1 1 1 1 1
106200 106299 1 1 1 1 1 1 0 0 1 1 1 1 1 1
106300 106399 1 1 1 1 1 1 0 0 1 1 1 1 1 1
106400 106499 1 1 1 1 1 1 0 0 1 1 1 1 1 1
106500 106599 1 1 1 1 1 1 0 0 1 1 1 1 1 1
106600 106699 1 1 1 1 1 1 0 0 1 1 1 1 1 1
106700 106799 1 1 1 1 1 1 0 0 1 1 1 1 1 1
106800 106899 1 1 1 1 1 1 0 0 1 1 1 1 1 1
106900 106999 1 1 1 1 1 1 0 0 1 1 1 1 1 1
107000 107099 1 1 1 1 1 1 0 0 1 1 1 1 1 1
107100 107199 1 1 1 1 1 1 0 0 1 1 1 1 1 1
107200 107299 1 1 1 1 1 1 0 0 1 1 1 1 1 1
107300 107399 1 1 1 1 1 1 0 0 1 1 1 1 1 1
107400 107499 1 1 1 1 1 1 0 0 1 1 1 1 1 1
107500 107599 1 1 1 1 1 1 0 0 1 1 1 1 1 1
107600 107699 1 1 1 1 1 1 0 0 1 1 1 1 1 1
107700 107799 1 1 1 1 1 1 0 0 1 1 1 1 1 1
107800 107899 1 1 1 1 1 1 0 0 1 1 1 1 1 1
107900 107999 1 1 1 1 1 1 0 0 1 1 1 1 1 1
108000 108099 1 1 1 1 1 1 0 0 1 1 1 1 1 1
108100 108199 1 1 1 1 1 1 0 0 1 1 1 1 1 1
108200 108299 1 1 1 1 1 1 0 0 1 1 1 1 1 1
108300 108399 1 1 1 1 1 1 0 0 1 1 1 1 1 1
108400 108499 1 1 1 1 1 1 0 0 1 1 1 1 1 1
108500 108599 1 1 1 1 1 1 0 0 1 1 1 1 1 1
108600 108699 1 1 1 1 1 1 0 0 1 1 1 1 1 1
108700 108799 1 1 1 1 1 1 0 0 1 1 1 1 1 1
108800 108899 1 1 1 1 1 1 0 0 1 1 1 1 1 1
108900 108999 1 1 1 1 1 1 0 0 1 1 1 1 1 1
109000 109099 1 1 1 1 1 1 0 0 1 1 1 1 1 1
109100 109199 1 1 1 1 1 1 0 0 1 1 1 1 1 1
109200 109299 1 1 1 1 1 1 0 0 1 1 1 1 1 1
109300 109399 1 1 1 1 1 1 0 0 1 1 1 1 1 1
109400 109499 1 1 1 1 1 1 0 0 1 1 1 1 1 1
109500 109599 1 1 1 1 1 1 0 0 1 1 1 1 1 1
109600 109699 1 1 1 1 1 1 0 0 1 1 1 1 1 1
109700 109799 1 1 1 1 1 1 0 0 1 1 1 1 1 1
109800 109899 1 1 1 1 1 1 0 0 1 1 1 1 1 1
109900 109999 1 1 1 1 1 1 0 0 1 1 1 1 1 1
110000 110099 1 1 1 1 1 1 0 0 1 1 1 1 1 1
110100 110199 1 1 1 1 1 1 0 0 1 1 1 1 1 1
110200 110299 1 1 1 1 1 1 0 0 1 1 1 1 1 1
110300 110399 1 1 1 1 1 1 0 0 1 1 1 1 1 1
110400 110499 1 1 1 1 1 1 0 0 1 1 1 1 1 1
110500 110599 1 1 1 1 1 1 0 0 1 1 1 1 1 1
110600 110699 1 1 1 1 1 1 0 0 1 1 1 1 1 1
110700 110799 1 1 1 1 1 1 0 0 1 1 1 1 1 1
110800 110899 1 1 1 1 1 1 0 0 1 1 1 1 1 1
110900 110999 1 1 1 1 1 1 0 0 1 1 1 1 1 1
111000 111099 1 1 1 1 1 1 0 0 1 1 1 1 1 1
111100 111199 1 1 1 1 1 1 0 0 1 1 1 1 1 1
111200 111299 1 1 1 1 1 1 0 0 1 1 1 1 1 1
111300 111399 1 1 1 1 1 1 0 0 1 1 1 1 1 1
111400 111499 1 1 1 1 1 1 0 0 1 1 1 1 1 1
111500 111599 1 1 1 1 1 1 0 0 1 1 1 1 1 1
111600 111699 1 1 1 1 1 1 0 0 1 1 1 1 1 1
111700 111799 1 1 1 1 1 1 0 0 1 1 1 1 1 1
111800 111899 1 1 1 1 1 1 0 0 1 1 1 1 1 1
111900 111999 1 1 1 1 1 1 0 0 1 1 1 1 1 1
112000 112099 1 1 1 1 1 1 0 0 1 1 1 1 1 1
112100 112199 1 1 1 1 1 1 0 0 1 1 1 1 1 1
112200 112299 1 1 1 1 1 1 0 0 1 1 1 1 1 1
112300 112399 1 1 1 1 1 1 0 0 1 1 1 1 1 1
112400 112499 1 1 1 1 1 1 0 0 1 1 1 1 1 1
112500 112599 1 1 1 1 1 1 0 0 1 1 1 1 1 1
112600 112699 1 1 1 1 1 1 0 0 1 1 1 1 1 1
112700 112799 1 1 1 1 1 1 0 0 1 1 1 1 1 1
112800 112899 1 1 1 1 1 1 0 0 1 1 1 1 1 1
112900 112999 1 1 1 1 1 1 0 0 1 1 1 1 1 1
113000 113099 1 1 1 1 1 1 0 0 1 1 1 1 1 1
113100 113199 1 1 1 1 1 1 0 0 1 1 1 1 1 1
113200 113299 1 1 1 1 1 1 0 0 1 1 1 1 1 1
113300 113399 1 1 1 1 1 1 0 0 1 1 1 1 1 1
113400 113499 1 1 1 1 1 1 0 0 1 1 1 1 1 1
113500 113599 1 1 1 1 1 1 0 0 1 1 1 1 1 1
113600 113699 1 1 1 1 1 1 0 0 1 1 1 1 1 1
113700 113799 1 1 1 1 1 1 0 0 1 1 1 1 1 1
113800 113899 1 1 1 1 1 1 0 0 1 1 1 1 1 1
113900 113999 1 1 1 1 1 1 0 0 1 1 1 1 1 1
114000 114099 1 1 1 1 1 1 0 0 1 1 1 1 1 1
114100 114199 1 1 1 1 1 1 0 0 1 1 1 1 1 1
114200 114299 1 1 1 1 1 1 0 0 1 1 1 1 1 1
114300 114399 1 1 1 1 1 1 0 0 1 1 1 1 1 1
114400 114499 1 1 1 1 1 1 0 0 1 1 1 1 1 1
114500 114599 1 1 1 1 1 1 0 0 1 1 1 1 1 1
114600 114699 1 1 1 1 1 1 0 0 1 1 1 1 1 1
114700 114799 1 1 1 1 1 1 0 0 1 1 1 1 1 1
114800 114899 1 1 1 1 1 1 0 0 1 1 1 1 1 1
114900 114999 1 1 1 1 1 1 0 0 1 1 1 1 1 1
115000 115099 1 1 1 1 1 1 0 0 1 1 1 1 1 1
115100 115199 1 1 1 1 1 1 0 0 1 1 1 1 1 1
115200 115299 1 1 1 1 1 1 0 0 1 1 1 1 1 1
115300 115399 1 1 1 1 1 1 0 0 1 1 1 1 1 1
115400 115499 1 1 1 1 1 1 0 0 1 1 1 1 1 1
115500 115599 1 1 1 1 1 1 0 0 1 1 1 1 1 1
115600 115699 1 1 1 1 1 1 0 0 1 1 1 1 1 1
115700 115799 1 1 1 1 1 1 0 0 1 1 1 1 1 1
115800 115899 1 1 1 1 1 1 0 0 1 1 1 1 1 1
115900 115999 1 1 1 1 1 1 0 0 1 1 1 1 1 1
116000 116099 1 1 1 1 1 1 0 0 1 1 1 1 1 1
116100 116199 1 1 1 1 1 1 0 0 1 1 1 1 1 1
116200 116299 1 1 1 1 1 1 0 0 1 1 1 1 1 1
116300 116399 1 1 1 1 1 1 0 0 1 1 1 1 1 1
116400 116499 1 1 1 1 1 1 0 0 1 1 1 1 1 1
116500 116599 1 1 1 1 1 1 0 0 1 1 1 1 1 1
116600 116699 1 1 1 1 1 1 0 0 1 1 1 1 1 1
116700 116799 1 1 1 1 1 1 0 0 1 1 1 1 1 1
116800 116899 1 1 1 1 1 1 0 0 1 1 1 1 1 1
116900 116999 1 1 1 1 1 1 0 0 1 1 1 1 1 1
117000 117099 1 1 1 1 1 1 0 0 1 1 1 1 1 1
117100 117199 1 1 1 1 1 1 0 0 1 1 1 1 1 1
117200 117299 1 1 1 1 1 1 0 0 1 1 1 1 1 1
117300 117399 1 1 1 1 1 1 0 0 1 1 1 1 1 1
117400 117499 1 1 1 1 1 1 0 0 1 1 1 1 1 1
117500 117599 1 1 1 1 1 1 0 0 1 1 1 1 1 1
117600 117699 1 1 1 1 1 1 0 0 1 1 1 1 1 1
117700 117799 1 1 1 1 1 1 0 0 1 1 1 1 1 1
117800 117899 1 1 1 1 1 1 0 0 1 1 1 1 1 1
117900 117999 1 1 1 1 1 1 0 0 1 1 1 1 1 1
118000 118099 1 1 1 1 1 1 0 0 1 1 1 1 1 1
118100 118199 1 1 1 1 1 1 0 0 1 1 1 1 1 1
118200 118299 1 1 1 1 1 1 0 0 1 1 1 1 1 1
118300 118399 1 1 1 1 1 1 0 0 1 1 1 1 1 1
118400 118499 1 1 1 1 1 1 0 0 1 1 1 1 1 1
118500 118599 1 1 1 1 1 1 0 0 1 1 1 1 1 1
118600 118699 1 1 1 1 1 1 0 0 1 1 1 1 1 1
118700 118799 1 1 1 1 1 1 0 0 1 1 1 1 1 1
118800 118899 1 1 1 1 1 1 0 0 1 1 1 1 1 1
118900 118999 1 1 1 1 1 1 0 0 1 1 1 1 1 1
119000 119099 1 1 1 1 1 1 0 0 1 1 1 1 1 1
119100 119199 1 1 1 1 1 1 0 0 1 1 1 1 1 1
119200 119299 1 1 1 1 1 1 0 0 1 1 1 1 1 1
119300 119399 1 1 1 1 1 1 0 0 1 1 1 1 1 1
119400 119499 1 1 1 1 1 1 0 0 1 1 1 1 1 1
119500 119599 1 1 1 1 1 1 0 0 1 1 1 1 1 1
119600 119699 1 1 1 1 1 1 0 0 1 1 1 1 1 1
119700 119799 1 1 1 1 1 1 0 0 1 1 1 1 1 1
119800 119899 1 1 1 1 1 1 0 0 1 1 1 1 1 1
119900 119999 1 1 1 1 1 1 0 0 1 1 1 1 1 1
120000 120099 1 1 1 1 1 1 0 0 1 1 1 1 1 1
120100 120199 1 1 1 1 1 1 0 0 1 1 1 1 1 1
120200 120299 1 1 1 1 1 1 0 0 1 1 1 1 1 1
120300 120399 1 1 1 1 1 1 0 0 1 1 1 1 1 1
120400 120499 1 1 1 1 1 1 0 0 1 1 1 1 1 1
120500 120599 1 1 1 1 1 1 0 0 1 1 1 1 1 1
120600 120699 1 1 1 1 1 1 0 0 1 1 1 1 1 1
120700 120799 1 1 1 1 1 1 0 0 1 1 1 1 1 1
120800 120899 1 1 1 1 1 1 0 0 1 1 1 1 1 1
120900 120999 1 1 1 1 1 1 0 0 1 1 1 1 1 1
121000 121099 1 1 1 1 1 1 0 0 1 1 1 1 1 1
121100 121199 1 1 1 1 1 1 0 0 1 1 1 1 1 1
121200 121299 1 1 1 1 1 1 0 0 1 1 1 1 1 1
121300 121399 1 1 1 1 1 1 0 0 1 1 1 1 1 1
121400 121499 1 1 1 1 1 1 0 0 1 1 1 1 1 1
121500 121599 1 1 1 1 1 1 0 0 1 1 1 1 1 1
121600 121699 1 1 1 1 1 1 0 0 1 1 1 1 1 1
121700 121799 1 1 1 1 1 1 0 0 1 1 1 1 1 1
121800 121899 1 1 1 1 1 1 0 0 1 1 1 1 1 1
121900 121999 1 1 1 1 1 1 0 0 1 1 1 1 1 1
122000 122099 1 1 1 1 1 1 0 0 1 1 1 1 1 1
122100 122199 1 1 1 1 1 1 0 0 1 1 1 1 1 1
122200 122299 1 1 1 1 1 1 0 0 1 1 1 1 1 1
122300 122399 1 1 1 1 1 1 0 0 1 1 1 1 1 1
122400 122499 1 1 1 1 1 1 0 0 1 1 1 1 1 1
122500 122599 1 1 1 1 1 1 0 0 1 1 1 1 1 1
122600 122699 1 1 1 1 1 1 0 0 1 1 1 1 1 1
122700 122799 1 1 1 1 1 1 0 0 1 1 1 1 1 1
122800 122899 1 1 1 1 1 1 0 0 1 1 1 1 1 1
122900 122999 1 1 1 1 1 1 0 0 1 1 1 1 1 1
123000 123099 1 1 1 1 1 1 0 0 1 1 1 1 1 1
123100 123199 1 1 1 1 1 1 0 0 1 1 1 1 1 1
123200 123299 1 1 1 1 1 1 0 0 1 1 1 1 1 1
123300 123399 1 1 1 1 1 1 0 0 1 1 1 1 1 1
123400 123499 1 1 1 1 1 1 0 0 1 1 1 1 1 1
123500 123599 1 1 1 1 1 1 0 0 1 1 1 1 1 1
123600 123699 1 1 1 1 1 1 0 0 1 1 1 1 1 1
123700 123799 1 1 1 1 1 1 0 0 1 1 1 1 1 1
123800 123899 1 1 1 1 1 1 0 0 1 1 1 1 1 1
123900 123999 1 1 1 1 1 1 0 0 1 1 1 1 1 1
124000 124099 1 1 1 1 1 1 0 0 1 1 1 1 1 1
124100 124199 1 1 1 1 1 1 0 0 1 1 1 1 1 1
124200 124299 1 1 1 1 1 1 0 0 1 1 1 1 1 1
124300 124399 1 1 1 1 1 1 0 0 1 1 1 1 1 1
124400 124499 1 1 1 1 1 1 0 0 1 1 1 1 1 1
124500 124599 1 1 1 1 1 1 0 0 1 1 1 1 1 1
124600 124699 1 1 1 1 1 1 0 0 1 1 1 1 1 1
124700 124799 1 1 1 1 1 1 0 0 1 1 1 1 1 1
124800 124899 1 1 1 1 1 1 0 0 1 1 1 1 1 1
124900 124999 1 1 1 1 1 1 0 0 1 1 1 1 1 1
125000 125099 1 1 1 1 1 1 0 0 1 1 1 1 1 1
125100 125199 1 1 1 1 1 1 0 0 1 1 1 1 1 1
125200 125299 1 1 1 1 1 1 0 0 1 1 1 1 1 1
125300 125399 1 1 1 1 1 1 0 0 1 1 1 1 1 1
125400 125499 1 1 1 1 1 1 0 0 1 1 1 1 1 1
125500 125599 1 1 1 1 1 1 0 0 1 1 1 1 1 1
125600 125699 1 1 1 1 1 1 0 0 1 1 1 1 1 1
125700 125799 1 1 1 1 1 1 0 0 1 1 1 1 1 1
125800 125899 1 1 1 1 1 1 0 0 1 1 1 1 1 1
125900 125999 1 1 1 1 1 1 0 0 1 1 1 1 1 1
126000 126099 1 1 1 1 1 1 0 0 1 1 1 1 1 1
126100 126199 1 1 1 1 1 1 0 0 1 1 1 1 1 1
126200 126299 1 1 1 1 1 1 0 0 1 1 1 1 1 1
126300 126399 1 1 1 1 1 1 0 0 1 1 1 1 1 1
126400 126499 1 1 1 1 1 1 0 0 1 1 1 1 1 1
126500 126599 1 1 1 1 1 1 0 0 1 1 1 1 1 1
126600 126699 1 1 1 1 1 1 0 0 1 1 1 1 1 1
126700 126799 1 1 1 1 1 1 0 0 1 1 1 1 1 1
126800 126899 1 1 1 1 1 1 0 0 1 1 1 1 1 1
126900 126999 1 1 1 1 1 1 0 0 1 1 1 1 1 1
127000 127099 1 1 1 1 1 1 0 0 1 1 1 1 1 1
127100 127199 1 1 1 1 1 1 0 0 1 1 1 1 1 1
127200 127299 1 1 1 1 1 1 0 0 1 1 1 1 1 1
127300 127399 1 1 1 1 1 1 0 0 1 1 1 1 1 1
127400 127499 1 1 1 1 1 1 0 0 1 1 1 1 1 1
127500 127599 1 1 1 1 1 1 0 0 1 1 1 1 1 1
127600 127699 1 1 1 1 1 1 0 0 1 1 1 1 1 1
127700 127799 1 1 1 1 1 1 0 0 1 1 1 1 1 1
127800 127899 1 1 1 1 1 1 0 0 1 1 1 1 1 1
127900 127999 1 1 1 1 1 1 0 0 1 1 1 1 1 1
128000 128099 1 1 1 1 1 1 0 0 1 1 1 1 1 1
128100 128199 1 1 1 1 1 1 0 0 1 1 1 1 1 1
128200 128299 1 1 1 1 1 1 0 0 1 1 1 1 1 1
128300 128399 1 1 1 1 1 1 0 0 1 1 1 1 1 1
128400 128499 1 1 1 1 1 1 0 0 1 1 1 1 1 1
128500 128599 1 1 1 1 1 1 0 0 1 1 1 1 1 1
128600 128699 1 1 1 1 1 1 0 0 1 1 1 1 1 1
128700 128799 1 1 1 1 1 1 0 0 1 1 1 1 1 1
128800 128899 1 1 1 1 1 1 0 0 1 1 1 1 1 1
128900 128999 1 1 1 1 1 1 0 0 1 1 1 1 1 1
129000 129099 1 1 1 1 1 1 0 0 1 1 1 1 1 1
129100 129199 1 1 1 1 1 1 0 0 1 1 1 1 1 1
129200 129299 1 1 1 1 1 1 0 0 1 1 1 1 1 1
129300 129399 1 1 1 1 1 1 0 0 1 1 1 1 1 1
129400 129499 1 1 1 1 1 1 0 0 1 1 1 1 1 1
129500 129599 1 1 1 1 1 1 0 0 1 1 1 1 1 1
129600 129699 1 1 1 1 1 1 0 0 1 1 1 1 1 1
129700 129799 1 1 1 1 1 1 0 0 1 1 1 1 1 1
129800 129899 1 1 1 1 1 1 0 0 1 1 1 1 1 1
129900 129999 1 1 1 1 1 1 0 0 1 1 1 1 1 1
130000 130099 1 1 1 1 1 1 0 0 1 1 1 1 1 1
130100 130199 1 1 1 1 1 1 0 0 1 1 1 1 1 1
130200 130299 1 1 1 1 1 1 0 0 1 1 1 1 1 1
130300 130399 1 1 1 1 1 1 0 0 1 1 1 1 1 1
130400 130499 1 1 1 1 1 1 0 0 1 1 1 1 1 1
130500 130599 1 1 1 1 1 1 0 0 1 1 1 1 1 1
130600 130699 1 1 1 1 1 1 0 0 1 1 1 1 1 1
130700 130799 1 1 1 1 1 1 0 0 1 1 1 1 1 1
130800 130899 1 1 1 1 1 1 0 0 1 1 1 1 1 1
130900 130999 1 1 1 1 1 1 0 0 1 1 1 1 1 1
131000 131099 1 1 1 1 1 1 0 0 1 1 1 1 1 1
131100 131199 1 1 1 1 1 1 0 0 1 1 1 1 1 1
131200 131299 1 1 1 1 1 1 0 0 1 1 1 1 1 1
131300 131399 1 1 1 1 1 1 0 0 1 1 1 1 1 1
131400 131499 1 1 1 1 1 1 0 0 1 1 1 1 1 1
131500 131599 1 1 1 1 1 1 0 0 1 1 1 1 1 1
131600 131699 1 1 1 1 1 1 0 0 1 1 1 1 1 1
131700 131799 1 1 1 1 1 1 0 0 1 1 1 1 1 1
131800 131899 1 1 1 1 1 1 0 0 1 1 1 1 1 1
131900 131999 1 1 1 1 1 1 0 0 1 1 1 1 1 1
132000 132099 1 1 1 1 1 1 0 0 1 1 1 1 1 1
132100 132199 1 1 1 1 1 1 0 0 1 1 1 1 1 1
132200 132299 1 1 1 1 1 1 0 0 1 1 1 1 1 1
132300 132399 1 1 1 1 1 1 0 0 1 1 1 1 1 1
132400 132499 1 1 1 1 1 1 0 0 1 1 1 1 1 1
132500 132599 1 1 1 1 1 1 0 0 1 1 1 1 1 1
132600 132699 1 1 1 1 1 1 0 0 1 1 1 1 1 1
132700 132799 1 1 1 1 1 1 0 0 1 1 1 1 1 1
132800 132899 1 1 1 1 1 1 0 0 1 1 1 1 1 1
132900 132999 1 1 1 1 1 1 0 0 1 1 1 1 1 1
133000 133099 1 1 1 1 1 1 0 0 1 1 1 1 1 1
133100 133199 1 1 1 1 1 1 0 0 1 1 1 1 1 1
133200 133299 1 1 1 1 1 1 0 0 1 1 1 1 1 1
133300 133399 1 1 1 1 1 1 0 0 1 1 1 1 1 1
133400 133499 1 1 1 1 1 1 0 0 1 1 1 1 1 1
133500 133599 1 1 1 1 1 1 0 0 1 1 1 1 1 1
133600 133699 1 1 1 1 1 1 0 0 1 1 1 1 1 1
133700 133799 1 1 1 1 1 1 0 0 1 1 1 1 1 1
133800 133899 1 1 1 1 1 1 0 0 1 1 1 1 1 1
133900 133999 1 1 1 1 1 1 0 0 1 1 1 1 1 1
134000 134099 1 1 1 1 1 1 0 0 1 1 1 1 1 1
134100 134199 1 1 1 1 1 1 0 0 1 1 1 1 1 1
134200 134299 1 1 1 1 1 1 0 0 1 1 1 1 1 1
134300 134399 1 1 1 1 1 1 0 0 1 1 1 1 1 1
134400 134499 1 1 1 1 1 1 0 0 1 1 1 1 1 1
134500 134599 1 1 1 1 1 1 0 0 1 1 1 1 1 1
134600 134699 1 1 1 1 1 1 0 0 1 1 1 1 1 1
134700 134799 1 1 1 1 1 1 0 0 1 1 1 1 1 1
134800 134899 1 1 1 1 1 1 0 0 1 1 1 1 1 1
134900 134999 1 1 1 1 1 1 0 0 1 1 1 1 1 1
135000 135099 1 1 1 1 1 1 0 0 1 1 1 1 1 1
135100 135199 1 1 1 1 1 1 0 0 1 1 1 1 1 1
135200 135299 1 1 1 1 1 1 0 0 1 1 1 1 1 1
135300 135399 1 1 1 1 1 1 0 0 1 1 1 1 1 1
135400 135499 1 1 1 1 1 1 0 0 1 1 1 1 1 1
135500 135599 1 1 1 1 1 1 0 0 1 1 1 1 1 1
135600 135699 1 1 1 1 1 1 0 0 1 1 1 1 1 1
135700 135799 1 1 1 1 1 1 0 0 1 1 1 1 1 1
135800 135899 1 1 1 1 1 1 0 0 1 1 1 1 1 1
135900 135999 1 1 1 1 1 1 0 0 1 1 1 1 1 1
136000 136099 1 1 1 1 1 1 0 0 1 1 1 1 1 1
136100 136199 1 1 1 1 1 1 0 0 1 1 1 1 1 1
136200 136299 1 1 1 1 1 1 0 0 1 1 1 1 1 1
136300 136399 1 1 1 1 1 1 0 0 1 1 1 1 1 1
136400 136499 1 1 1 1 1 1 0 0 1 1 1 1 1 1
136500 136599 1 1 1 1 1 1 0 0 1 1 1 1 1 1
136600 136699 1 1 1 1 1 1 0 0 1 1 1 1 1 1
136700 136799 1 1 1 1 1 1 0 0 1 1 1 1 1 1
136800 136899 1 1 1 1 1 1 0 0 1 1 1 1 1 1
136900 136999 1 1 1 1 1 1 0 0 1 1 1 1 1 1
137000 137099 1 1 1 1 1 1 0 0 1 1 1 1 1 1
137100 137199 1 1 1 1 1 1 0 0 1 1 1 1 1 1
137200 137299 1 1 1 1 1 1 0 0 1 1 1 1 1 1
137300 137399 1 1 1 1 1 1 0 0 1 1 1 1 1 1
137400 137499 1 1 1 1 1 1 0 0 1 1 1 1 1 1
137500 137599 1 1 1 1 1 1 0 0 1 1 1 1 1 1
137600 137699 1 1 1 1 1 1 0 0 1 1 1 1 1 1
137700 137799 1 1 1 1 1 1 0 0 1 1 1 1 1 1
137800 137899 1 1 1 1 1 1 0 0 1 1 1 1 1 1
137900 137999 1 1 1 1 1 1 0 0 1 1 1 1 1 1
138000 138099 1 1 1 1 1 1 0 0 1 1 1 1 1 1
138100 138199 1 1 1 1 1 1 0 0 1 1 1 1 1 1
138200 138299 1 1 1 1 1 1 0 0 1 1 1 1 1 1
138300 138399 1 1 1 1 1 1 0 0 1 1 1 1 1 1
138400 138499 1 1 1 1 1 1 0 0 1 1 1 1 1 1
138500 138599 1 1 1 1 1 1 0 0 1 1 1 1 1 1
138600 138699 1 1 1 1 1 1 0 0 1 1 1 1 1 1
138700 138799 1 1 1 1 1 1 0 0 1 1 1 1 1 1
138800 138899 1 1 1 1 1 1 0 0 1 1 1 1 1 1
138900 138999 1 1 1 1 1 1 0 0 1 1 1 1 1 1
139000 139099 1 1 1 1 1 1 0 0 1 1 1 1 1 1
139100 139199 1 1 1 1 1 1 0 0 1 1 1 1 1 1
139200 139299 1 1 1 1 1 1 0 0 1 1 1 1 1 1
139300 139399 1 1 1 1 1 1 0 0 1 1 1 1 1 1
139400 139499 1 1 1 1 1 1 0 0 1 1 1 1 1 1
139500 139599 1 1 1 1 1 1 0 0 1 1 1 1 1 1
139600 139699 1 1 1 1 1 1 0 0 1 1 1 1 1 1
139700 139799 1 1 1 1 1 1 0 0 1 1 1 1 1 1
139800 139899 1 1 1 1 1 1 0 0 1 1 1 1 1 1
139900 139999 1 1 1 1 1 1 0 0 1 1 1 1 1 1
140000 140099 1 1 1 1 1 1 0 0 1 1 1 1 1 1
140100 140199 1 1 1 1 1 1 0 0 1 1 1 1 1 1
140200 140299 1 1 1 1 1 1 0 0 1 1 1 1 1 1
140300 140399 1 1 1 1 1 1 0 0 1 1 1 1 1 1
140400 140499 1 1 1 1 1 1 0 0 1 1 1 1 1 1
140500 140599 1 1 1 1 1 1 0 0 1 1 1 1 1 1
140600 140699 1 1 1 1 1 1 0 0 1 1 1 1 1 1
140700 140799 1 1 1 1 1 1 0 0 1 1 1 1 1 1
140800 140899 1 1 1 1 1 1 0 0 1 1 1 1 1 1
140900 140999 1 1 1 1 1 1 0 0 1 1 1 1 1 1
141000 141099 1 1 1 1 1 1 0 0 1 1 1 1 1 1
141100 141199 1 1 1 1 1 1 0 0 1 1 1 1 1 1
141200 141299 1 1 1 1 1 1 0 0 1 1 1 1 1 1
141300 141399 1 1 1 1 1 1 0 0 1 1 1 1 1 1
141400 141499 1 1 1 1 1 1 0 0 1 1 1 1 1 1
141500 141599 1 1 1 1 1 1 0 0 1 1 1 1 1 1
141600 141699 1 1 1 1 1 1 0 0 1 1 1 1 1 1
141700 141799 1 1 1 1 1 1 0 0 1 1 1 1 1 1
141800 141899 1 1 1 1 1 1 0 0 1 1 1 1 1 1
141900 141999 1 1 1 1 1 1 0 0 1 1 1 1 1 1
142000 142099 1 1 1 1 1 1 0 0 1 1 1 1 1 1
142100 142199 1 1 1 1 1 1 0 0 1 1 1 1 1 1
142200 142299 1 1 1 1 1 1 0 0 1 1 1 1 1 1
142300 142399 1 1 1 1 1 1 0 0 1 1 1 1 1 1
142400 142499 1 1 1 1 1 1 0 0 1 1 1 1 1 1
142500 142599 1 1 1 1 1 1 0 0 1 1 1 1 1 1
142600 142699 1 1 1 1 1 1 0 0 1 1 1 1 1 1
142700 142799 1 1 1 1 1 1 0 0 1 1 1 1 1 1
142800 142899 1 1 1 1 1 1 0 0 1 1 1 1 1 1
142900 142999 1 1 1 1 1 1 0 0 1 1 1 1 1 1
143000 143099 1 1 1 1 1 1 0 0 1 1 1 1 1 1
143100 143199 1 1 1 1 1 1 0 0 1 1 1 1 1 1
143200 143299 1 1 1 1 1 1 0 0 1 1 1 1 1 1
143300 143399 1 1 1 1 1 1 0 0 1 1 1 1 1 1
143400 143499 1 1 1 1 1 1 0 0 1 1 1 1 1 1
143500 143599 1 1 1 1 1 1 0 0 1 1 1 1 1 1
143600 143699 1 1 1 1 1 1 0 0 1 1 1 1 1 1
143700 143799 1 1 1 1 1 1 0 0 1 1 1 1 1 1
143800 143899 1 1 1 1 1 1 0 0 1 1 1 1 1 1
143900 143999 1 1 1 1 1 1 0 0 1 1 1 1 1 1
144000 144099 1 1 1 1 1 1 0 0 1 1 1 1 1 1
144100 144199 1 1 1 1 1 1 0 0 1 1 1 1 1 1
144200 144299 1 1 1 1 1 1 0 0 1 1 1 1 1 1
144300 144399 1 1 1 1 1 1 0 0 1 1 1 1 1 1
144400 144499 1 1 1 1 1 1 0 0 1 1 1 1 1 1
144500 144599 1 1 1 1 1 1 0 0 1 1 1 1 1 1
144600 144699 1 1 1 1 1 1 0 0 1 1 1 1 1 1
144700 144799 1 1 1 1 1 1 0 0 1 1 1 1 1 1
144800 144899 1 1 1 1 1 1 0 0 1 1 1 1 1 1
144900 144999 1 1 1 1 1 1 0 0 1 1 1 1 1 1
145000 145099 1 1 1 1 1 1 0 0 1 1 1 1 1 1
145100 145199 1 1 1 1 1 1 0 0 1 1 1 1 1 1
145200 145299 1 1 1 1 1 1 0 0 1 1 1 1 1 1
145300 145399 1 1 1 1 1 1 0 0 1 1 1 1 1 1
145400 145499 1 1 1 1 1 1 0 0 1 1 1 1 1 1
145500 145599 1 1 1 1 1 1 0 0 1 1 1 1 1 1
145600 145699 1 1 1 1 1 1 0 0 1 1 1 1 1 1
145700 145799 1 1 1 1 1 1 0 0 1 1 1 1 1 1
145800 145899 1 1 1 1 1 1 0 0 1 1 1 1 1 1
145900 145999 1 1 1 1 1 1 0 0 1 1 1 1 1 1
146000 146099 1 1 1 1 1 1 0 0 1 1 1 1 1 1
146100 146199 1 1 1 1 1 1 0 0 1 1 1 1 1 1
146200 146299 1 1 1 1 1 1 0 0 1 1 1 1 1 1
146300 146399 1 1 1 1 1 1 0 0 1 1 1 1 1 1
146400 146499 1 1 1 1 1 1 0 0 1 1 1 1 1 1
146500 146599 1 1 1 1 1 1 0 0 1 1 1 1 1 1
146600 146699 1 1 1 1 1 1 0 0 1 1 1 1 1 1
146700 146799 1 1 1 1 1 1 0 0 1 1 1 1 1 1
146800 146899 1 1 1 1 1 1 0 0 1 1 1 1 1 1
146900 146999 1 1 1 1 1 1 0 0 1 1 1 1 1 1
147000 147099 1 1 1 1 1 1 0 0 1 1 1 1 1 1
147100 147199 1 1 1 1 1 1 0 0 1 1 1 1 1 1
147200 147299 1 1 1 1 1 1 0 0 1 1 1 1 1 1
147300 147399 1 1 1 1 1 1 0 0 1 1 1 1 1 1
147400 147499 1 1 1 1 1 1 0 0 1 1 1 1 1 1
147500 147599 1 1 1 1 1 1 0 0 1 1 1 1 1 1
147600 147699 1 1 1 1 1 1 0 0 1 1 1 1 1 1
147700 147799 1 1 1 1 1 1 0 0 1 1 1 1 1 1
147800 147899 1 1 1 1 1 1 0 0 1 1 1 1 1 1
147900 147999 1 1 1 1 1 1 0 0 1 1 1 1 1 1
148000 148099 1 1 1 1 1 1 0 0 1 1 1 1 1 1
148100 148199 1 1 1 1 1 1 0 0 1 1 1 1 1 1
148200 148299 1 1 1 1 1 1 0 0 1 1 1 1 1 1
148300 148399 1 1 1 1 1 1 0 0 1 1 1 1 1 1
148400 148499 1 1 1 1 1 1 0 0 1 1 1 1 1 1
148500 148599 1 1 1 1 1 1 0 0 1 1 1 1 1 1
148600 148699 1 1 1 1 1 1 0 0 1 1 1 1 1 1
148700 148799 1 1 1 1 1 1 0 0 1 1 1 1 1 1
148800 148899 1 1 1 1 1 1 0 0 1 1 1 1 1 1
148900 148999 1 1 1 1 1 1 0 0 1 1 1 1 1 1
149000 149099 1 1 1 1 1 1 0 0 1 1 1 1 1 1
149100 149199 1 1 1 1 1 1 0 0 1 1 1 1 1 1
149200 149299 1 1 1 1 1 1 0 0 1 1 1 1 1 1
149300 149399 1 1 1 1 1 1 0 0 1 1 1 1 1 1
149400 149499 1 1 1 1 1 1 0 0 1 1 1 1 1 1
149500 149599 1 1 1 1 1 1 0 0 1 1 1 1 1 1
149600 149699 1 1 1 1 1 1 0 0 1 1 1 1 1 1
149700 149799 1 1 1 1 1 1 0 0 1 1 1 1 1 1
149800 149899 1 1 1 1 1 1 0 0 1 1 1 1 1 1
149900 149999 1 1 1 1 1 1 0 0 1 1 1 1 1 1
150000 150099 1 1 1 1 1 1 0 0 1 1 1 1 1 1
150100 150199 1 1 1 1 1 1 0 0 1 1 1 1 1 1
150200 150299 1 1 1 1 1 1 0 0 1 1 1 1 1 1
150300 150399 1 1 1 1 1 1 0 0 1 1 1 1 1 1
150400 150499 1 1 1 1 1 1 0 0 1 1 1 1 1 1
150500 150599 1 1 1 1 1 1 0 0 1 1 1 1 1 1
150600 150699 1 1 1 1 1 1 0 0 1 1 1 1 1 1
150700 150799 1 1 1 1 1 1 0 0 1 1 1 1 1 1
150800 150899 1 1 1 1 1 1 0 0 1 1 1 1 1 1
150900 150999 1 1 1 1 1 1 0 0 1 1 1 1 1 1
151000 151099 1 1 1 1 1 1 0 0 1 1 1 1 1 1
151100 151199 1 1 1 1 1 1 0 0 1 1 1 1 1 1
151200 151299 1 1 1 1 1 1 0 0 1 1 1 1 1 1
151300 151399 1 1 1 1 1 1 0 0 1 1 1 1 1 1
151400 151499 1 1 1 1 1 1 0 0 1 1 1 1 1 1
151500 151599 1 1 1 1 1 1 0 0 1 1 1 1 1 1
151600 151699 1 1 1 1 1 1 0 0 1 1 1 1 1 1
151700 151799 1 1 1 1 1 1 0 0 1 1 1 1 1 1
151800 151899 1 1 1 1 1 1 0 0 1 1 1 1 1 1
151900 151999 1 1 1 1 1 1 0 0 1 1 1 1 1 1
152000 152099 1 1 1 1 1 1 0 0 1 1 1 1 1 1
152100 152199 1 1 1 1 1 1 0 0 1 1 1 1 1 1
152200 152299 1 1 1 1 1 1 0 0 1 1 1 1 1 1
152300 152399 1 1 1 1 1 1 0 0 1 1 1 1 1 1
152400 152499 1 1 1 1 1 1 0 0 1 1 1 1 1 1
152500 152599 1 1 1 1 1 1 0 0 1 1 1 1 1 1
152600 152699 1 1 1 1 1 1 0 0 1 1 1 1 1 1
152700 152799 1 1 1 1 1 1 0 0 1 1 1 1 1 1
152800 152899 1 1 1 1 1 1 0 0 1 1 1 1 1 1
152900 152999 1 1 1 1 1 1 0 0 1 1 1 1 1 1
153000 153099 1 1 1 1 1 1 0 0 1 1 1 1 1 1
153100 153199 1 1 1 1 1 1 0 0 1 1 1 1 1 1
153200 153299 1 1 1 1 1 1 0 0 1 1 1 1 1 1
153300 153399 1 1 1 1 1 1 0 0 1 1 1 1 1 1
153400 153499 1 1 1 1 1 1 0 0 1 1 1 1 1 1
153500 153599 1 1 1 1 1 1 0 0 1 1 1 1 1 1
153600 153699 1 1 1 1 1 1 0 0 1 1 1 1 1 1
153700 153799 1 1 1 1 1 1 0 0 1 1 1 1 1 1
153800 153899 1 1 1 1 1 1 0 0 1 1 1 1 1 1
153900 153999 1 1 1 1 1 1 0 0 1 1 1 1 1 1
154000 154099 1 1 1 1 1 1 0 0 1 1 1 1 1 1
154100 154199 1 1 1 1 1 1 0 0 1 1 1 1 1 1
154200 154299 1 1 1 1 1 1 0 0 1 1 1 1 1 1
154300 154399 1 1 1 1 1 1 0 0 1 1 1 1 1 1
154400 154499 1 1 1 1 1 1 0 0 1 1 1 1 1 1
154500 154599 1 1 1 1 1 1 0 0 1 1 1 1 1 1
154600 154699 1 1 1 1 1 1 0 0 1 1 1 1 1 1
154700 154799 1 1 1 1 1 1 0 0 1 1 1 1 1 1
154800 154899 1 1 1 1 1 1 0 0 1 1 1 1 1 1
154900 154999 1 1 1 1 1 1 0 0 1 1 1 1 1 1
155000 155099 1 1 1 1 1 1 0 0 1 1 1 1 1 1
155100 155199 1 1 1 1 1 1 0 0 1 1 1 1 1 1
155200 155299 1 1 1 1 1 1 0 0 1 1 1 1 1 1
155300 155399 1 1 1 1 1 1 0 0 1 1 1 1 1 1
155400 155499 1 1 1 1 1 1 0 0 1 1 1 1 1 1
155500 155599 1 1 1 1 1 1 0 0 1 1 1 1 1 1
155600 155699 1 1 1 1 1 1 0 0 1 1 1 1 1 1
155700 155799 1 1 1 1 1 1 0 0 1 1 1 1 1 1
155800 155899 1 1 1 1 1 1 0 0 1 1 1 1 1 1
155900 155999 1 1 1 1 1 1 0 0 1 1 1 1 1 1
156000 156099 1 1 1 1 1 1 0 0 1 1 1 1 1 1
156100 156199 1 1 1 1 1 1 0 0 1 1 1 1 1 1
156200 156299 1 1 1 1 1 1 0 0 1 1 1 1 1 1
156300 156399 1 1 1 1 1 1 0 0 1 1 1 1 1 1
156400 156499 1 1 1 1 1 1 0 0 1 1 1 1 1 1
156500 156599 1 1 1 1 1 1 0 0 1 1 1 1 1 1
156600 156699 1 1 1 1 1 1 0 0 1 1 1 1 1 1
156700 156799 1 1 1 1 1 1 0 0 1 1 1 1 1 1
156800 156899 1 1 1 1 1 1 0 0 1 1 1 1 1 1
156900 156999 1 1 1 1 1 1 0 0 1 1 1 1 1 1
157000 157099 1 1 1 1 1 1 0 0 1 1 1 1 1 1
157100 157199 1 1 1 1 1 1 0 0 1 1 1 1 1 1
157200 157299 1 1 1 1 1 1 0 0 1 1 1 1 1 1
157300 157399 1 1 1 1 1 1 0 0 1 1 1 1 1 1
157400 157499 1 1 1 1 1 1 0 0 1 1 1 1 1 1
157500 157599 1 1 1 1 1 1 0 0 1 1 1 1 1 1
157600 157699 1 1 1 1 1 1 0 0 1 1 1 1 1 1
157700 157799 1 1 1 1 1 1 0 0 1 1 1 1 1 1
157800 157899 1 1 1 1 1 1 0 0 1 1 1 1 1 1
157900 157999 1 1 1 1 1 1 0 0 1 1 1 1 1 1
158000 158099 1 1 1 1 1 1 0 0 1 1 1 1 1 1
158100 158199 1 1 1 1 1 1 0 0 1 1 1 1 1 1
158200 158299 1 1 1 1 1 1 0 0 1 1 1 1 1 1
158300 158399 1 1 1 1 1 1 0 0 1 1 1 1 1 1
158400 158499 1 1 1 1 1 1 0 0 1 1 1 1 1 1
158500 158599 1 1 1 1 1 1 0 0 1 1 1 1 1 1
158600 158699 1 1 1 1 1 1 0 0 1 1 1 1 1 1
158700 158799 1 1 1 1 1 1 0 0 1 1 1 1 1 1
158800 158899 1 1 1 1 1 1 0 0 1 1 1 1 1 1
158900 158999 1 1 1 1 1 1 0 0 1 1 1 1 1 1
159000 159099 1 1 1 1 1 1 0 0 1 1 1 1 1 1
159100 159199 1 1 1 1 1 1 0 0 1 1 1 1 1 1
159200 159299 1 1 1 1 1 1 0 0 1 1 1 1 1 1
159300 159399 1 1 1 1 1 1 0 0 1 1 1 1 1 1
159400 159499 1 1 1 1 1 1 0 0 1 1 1 1 1 1
159500 159599 1 1 1 1 1 1 0 0 1 1 1 1 1 1
159600 159699 1 1 1 1 1 1 0 0 1 1 1 1 1 1
159700 159799 1 1 1 1 1 1 0 0 1 1 1 1 1 1
159800 159899 1 1 1 1 1 1 0 0 1 1 1 1 1 1
159900 159999 1 1 1 1 1 1 0 0 1 1 1 1 1 1
160000 160099 1 1 1 1 1 1 0 0 1 1 1 1 1 1
160100 160199 1 1 1 1 1 1 0 0 1 1 1 1 1 1
160200 160299 1 1 1 1 1 1 0 0 1 1 1 1 1 1
160300 160399 1 1 1 1 1 1 0 0 1 1 1 1 1 1
160400 160499 1 1 1 1 1 1 0 0 1 1 1 1 1 1
160500 160599 1 1 1 1 1 1 0 0 1 1 1 1 1 1
160600 160699 1 1 1 1 1 1 0 0 1 1 1 1 1 1
160700 160799 1 1 1 1 1 1 0 0 1 1 1 1 1 1
160800 160899 1 1 1 1 1 1 0 0 1 1 1 1 1 1
160900 160999 1 1 1 1 1 1 0 0 1 1 1 1 1 1
161000 161099 1 1 1 1 1 1 0 0 1 1 1 1 1 1
161100 161199 1 1 1 1 1 1 0 0 1 1 1 1 1 1
161200 161299 1 1 1 1 1 1 0 0 1 1 1 1 1 1
161300 161399 1 1 1 1 1 1 0 0 1 1 1 1 1 1
161400 161499 1 1 1 1 1 1 0 0 1 1 1 1 1 1
161500 161599 1 1 1 1 1 1 0 0 1 1 1 1 1 1
161600 161699 1 1 1 1 1 1 0 0 1 1 1 1 1 1
161700 161799 1 1 1 1 1 1 0 0 1 1 1 1 1 1
161800 161899 1 1 1 1 1 1 0 0 1 1 1 1 1 1
161900 161999 1 1 1 1 1 1 0 0 1 1 1 1 1 1
162000 162099 1 1 1 1 1 1 0 0 1 1 1 1 1 1
162100 162199 1 1 1 1 1 1 0 0 1 1 1 1 1 1
162200 162299 1 1 1 1 1 1 0 0 1 1 1 1 1 1
162300 162399 1 1 1 1 1 1 0 0 1 1 1 1 1 1
162400 162499 1 1 1 1 1 1 0 0 1 1 1 1 1 1
162500 162599 1 1 1 1 1 1 0 0 1 1 1 1 1 1
162600 162699 1 1 1 1 1 1 0 0 1 1 1 1 1 1
162700 162799 1 1 1 1 1 1 0 0 1 1 1 1 1 1
162800 162899 1 1 1 1 1 1 0 0 1 1 1 1 1 1
162900 162999 1 1 1 1 1 1 0 0 1 1 1 1 1 1
163000 163099 1 1 1 1 1 1 0 0 1 1 1 1 1 1
163100 163199 1 1 1 1 1 1 0 0 1 1 1 1 1 1
163200 163299 1 1 1 1 1 1 0 0 1 1 1 1 1 1
163300 163399 1 1 1 1 1 1 0 0 1 1 1 1 1 1
163400 163499 1 1 1 1 1 1 0 0 1 1 1 1 1 1
163500 163599 1 1 1 1 1 1 0 0 1 1 1 1 1 1
163600 163699 1 1 1 1 1 1 0 0 1 1 1 1 1 1
163700 163799 1 1 1 1 1 1 0 0 1 1 1 1 1 1
163800 163899 1 1 1 1 1 1 0 0 1 1 1 1 1 1
163900 163999 1 1 1 1 1 1 0 0 1 1 1 1 1 1
164000 164099 1 1 1 1 1 1 0 0 1 1 1 1 1 1
164100 164199 1 1 1 1 1 1 0 0 1 1 1 1 1 1
164200 164299 1 1 1 1 1 1 0 0 1 1 1 1 1 1
164300 164399 1 1 1 1 1 1 0 0 1 1 1 1 1 1
164400 164499 1 1 1 1 1 1 0 0 1 1 1 1 1 1
164500 164599 1 1 1 1 1 1 0 0 1 1 1 1 1 1
164600 164699 1 1 1 1 1 1 0 0 1 1 1 1 1 1
164700 164799 1 1 1 1 1 1 0 0 1 1 1 1 1 1
164800 164899 1 1 1 1 1 1 0 0 1 1 1 1 1 1
164900 164999 1 1 1 1 1 1 0 0 1 1 1 1 1 1
165000 165099 1 1 1 1 1 1 0 0 1 1 1 1 1 1
165100 165199 1 1 1 1 1 1 0 0 1 1 1 1 1 1
165200 165299 1 1 1 1 1 1 0 0 1 1 1 1 1 1
165300 165399 1 1 1 1 1 1 0 0 1 1 1 1 1 1
165400 165499 1 1 1 1 1 1 0 0 1 1 1 1 1 1
165500 165599 1 1 1 1 1 1 0 0 1 1 1 1 1 1
165600 165699 1 1 1 1 1 1 0 0 1 1 1 1 1 1
165700 165799 1 1 1 1 1 1 0 0 1 1 1 1 1 1
165800 165899 1 1 1 1 1 1 0 0 1 1 1 1 1 1
165900 165999 1 1 1 1 1 1 0 0 1 1 1 1 1 1
166000 166099 1 1 1 1 1 1 0 0 1 1 1 1 1 1
166100 166199 1 1 1 1 1 1 0 0 1 1 1 1 1 1
166200 166299 1 1 1 1 1 1 0 0 1 1 1 1 1 1
166300 166399 1 1 1 1 1 1 0 0 1 1 1 1 1 1
166400 166499 1 1 1 1 1 1 0 0 1 1 1 1 1 1
166500 166599 1 1 1 1 1 1 0 0 1 1 1 1 1 1
166600 166699 1 1 1 1 1 1 0 0 1 1 1 1 1 1
166700 166799 1 1 1 1 1 1 0 0 1 1 1 1 1 1
166800 166899 1 1 1 1 1 1 0 0 1 1 1 1 1 1
166900 166999 1 1 1 1 1 1 0 0 1 1 1 1 1 1
167000 167099 1 1 1 1 1 1 0 0 1 1 1 1 1 1
167100 167199 1 1 1 1 1 1 0 0 1 1 1 1 1 1
167200 167299 1 1 1 1 1 1 0 0 1 1 1 1 1 1
167300 167399 1 1 1 1 1 1 0 0 1 1 1 1 1 1
167400 167499 1 1 1 1 1 1 0 0 1 1 1 1 1 1
167500 167599 1 1 1 1 1 1 0 0 1 1 1 1 1 1
167600 167699 1 1 1 1 1 1 0 0 1 1 1 1 1 1
167700 167799 1 1 1 1 1 1 0 0 1 1 1 1 1 1
167800 167899 1 1 1 1 1 1 0 0 1 1 1 1 1 1
167900 167999 1 1 1 1 1 1 0 0 1 1 1 1 1 1
168000 168099 1 1 1 1 1 1 0 0 1 1 1 1 1 1
168100 168199 1 1 1 1 1 1 0 0 1 1 1 1 1 1
168200 168299 1 1 1 1 1 1 0 0 1 1 1 1 1 1
168300 168399 1 1 1 1 1 1 0 0 1 1 1 1 1 1
168400 168499 1 1 1 1 1 1 0 0 1 1 1 1 1 1
168500 168599 1 1 1 1 1 1 0 0 1 1 1 1 1 1
168600 168699 1 1 1 1 1 1 0 0 1 1 1 1 1 1
168700 168799 1 1 1 1 1 1 0 0 1 1 1 1 1 1
168800 168899 1 1 1 1 1 1 0 0 1 1 1 1 1 1
168900 168999 1 1 1 1 1 1 0 0 1 1 1 1 1 1
169000 169099 1 1 1 1 1 1 0 0 1 1 1 1 1 1
169100 169199 1 1 1 1 1 1 0 0 1 1 1 1 1 1
169200 169299 1 1 1 1 1 1 0 0 1 1 1 1 1 1
169300 169399 1 1 1 1 1 1 0 0 1 1 1 1 1 1
169400 169499 1 1 1 1 1 1 0 0 1 1 1 1 1 1
169500 169599 1 1 1 1 1 1 0 0 1 1 1 1 1 1
169600 169699 1 1 1 1 1 1 0 0 1 1 1 1 1 1
169700 169799 1 1 1 1 1 1 0 0 1 1 1 1 1 1
169800 169899 1 1 1 1 1 1 0 0 1 1 1 1 1 1
169900 169999 1 1 1 1 1 1 0 0 1 1 1 1 1 1
170000 170099 1 1 1 1 1 1 0 0 1 1 1 1 1 1
170100 170199 1 1 1 1 1 1 0 0 1 1 1 1 1 1
170200 170299 1 1 1 1 1 1 0 0 1 1 1 1 1 1
170300 170399 1 1 1 1 1 1 0 0 1 1 1 1 1 1
170400 170499 1 1 1 1 1 1 0 0 1 1 1 1 1 1
170500 170599 1 1 1 1 1 1 0 0 1 1 1 1 1 1
170600 170699 1 1 1 1 1 1 0 0 1 1 1 1 1 1
170700 170799 1 1 1 1 1 1 0 0 1 1 1 1 1 1
170800 170899 1 1 1 1 1 1 0 0 1 1 1 1 1 1
170900 170999 1 1 1 1 1 1 0 0 1 1 1 1 1 1
171000 171099 1 1 1 1 1 1 0 0 1 1 1 1 1 1
171100 171199 1 1 1 1 1 1 0 0 1 1 1 1 1 1
171200 171299 1 1 1 1 1 1 0 0 1 1 1 1 1 1
171300 171399 1 1 1 1 1 1 0 0 1 1 1 1 1 1
171400 171499 1 1 1 1 1 1 0 0 1 1 1 1 1 1
171500 171599 1 1 1 1 1 1 0 0 1 1 1 1 1 1
171600 171699 1 1 1 1 1 1 0 0 1 1 1 1 1 1
171700 171799 1 1 1 1 1 1 0 0 1 1 1 1 1 1
171800 171899 1 1 1 1 1 1 0 0 1 1 1 1 1 1
171900 171999 1 1 1 1 1 1 0 0 1 1 1 1 1 1
172000 172099 1 1 1 1 1 1 0 0 1 1 1 1 1 1
172100 172199 1 1 1 1 1 1 0 0 1 1 1 1 1 1
172200 172299 1 1 1 1 1 1 0 0 1 1 1 1 1 1
172300 172399 1 1 1 1 1 1 0 0 1 1 1 1 1 1
172400 172499 1 1 1 1 1 1 0 0 1 1 1 1 1 1
172500 172599 1 1 1 1 1 1 0 0 1 1 1 1 1 1
172600 172699 1 1 1 1 1 1 0 0 1 1 1 1 1 1
172700 172799 1 1 1 1 1 1 0 0 1 1 1 1 1 1
172800 172899 1 1 1 1 1 1 0 0 1 1 1 1 1 1
172900 172999 1 1 1 1 1 1 0 0 1 1 1 1 1 1
173000 173099 1 1 1 1 1 1 0 0 1 1 1 1 1 1
173100 173199 1 1 1 1 1 1 0 0 1 1 1 1 1 1
173200 173299 1 1 1 1 1 1 0 0 1 1 1 1 1 1
173300 173399 1 1 1 1 1 1 0 0 1 1 1 1 1 1
173400 173499 1 1 1 1 1 1 0 0 1 1 1 1 1 1
173500 173599 1 1 1 1 1 1 0 0 1 1 1 1 1 1
173600 173699 1 1 1 1 1 1 0 0 1 1 1 1 1 1
173700 173799 1 1 1 1 1 1 0 0 1 1 1 1 1 1
173800 173899 1 1 1 1 1 1 0 0 1 1 1 1 1 1
173900 173999 1 1 1 1 1 1 0 0 1 1 1 1 1 1
174000 174099 1 1 1 1 1 1 0 0 1 1 1 1 1 1
174100 174199 1 1 1 1 1 1 0 0 1 1 1 1 1 1
174200 174299 1 1 1 1 1 1 0 0 1 1 1 1 1 1
174300 174399 1 1 1 1 1 1 0 0 1 1 1 1 1 1
174400 174499 1 1 1 1 1 1 0 0 1 1 1 1 1 1
174500 174599 1 1 1 1 1 1 0 0 1 1 1 1 1 1
174600 174699 1 1 1 1 1 1 0 0 1 1 1 1 1 1
174700 174799 1 1 1 1 1 1 0 0 1 1 1 1 1 1
174800 174899 1 1 1 1 1 1 0 0 1 1 1 1 1 1
174900 174999 1 1 1 1 1 1 0 0 1 1 1 1 1 1
175000 175099 1 1 1 1 1 1 0 0 1 1 1 1 1 1
175100 175199 1 1 1 1 1 1 0 0 1 1 1 1 1 1
175200 175299 1 1 1 1 1 1 0 0 1 1 1 1 1 1
175300 175399 1 1 1 1 1 1 0 0 1 1 1 1 1 1
175400 175499 1 1 1 1 1 1 0 0 1 1 1 1 1 1
175500 175599 1 1 1 1 1 1 0 0 1 1 1 1 1 1
175600 175699 1 1 1 1 1 1 0 0 1 1 1 1 1 1
175700 175799 1 1 1 1 1 1 0 0 1 1 1 1 1 1
175800 175899 1 1 1 1 1 1 0 0 1 1 1 1 1 1
175900 175999 1 1 1 1 1 1 0 0 1 1 1 1 1 1
176000 176099 1 1 1 1 1 1 0 0 1 1 1 1 1 1
176100 176199 1 1 1 1 1 1 0 0 1 1 1 1 1 1
176200 176299 1 1 1 1 1 1 0 0 1 1 1 1 1 1
176300 176399 1 1 1 1 1 1 0 0 1 1 1 1 1 1
176400 176499 1 1 1 1 1 1 0 0 1 1 1 1 1 1
176500 176599 1 1 1 1 1 1 0 0 1 1 1 1 1 1
176600 176699 1 1 1 1 1 1 0 0 1 1 1 1 1 1
176700 176799 1 1 1 1 1 1 0 0 1 1 1 1 1 1
176800 176899 1 1 1 1 1 1 0 0 1 1 1 1 1 1
176900 176999 1 1 1 1 1 1 0 0 1 1 1 1 1 1
177000 177099 1 1 1 1 1 1 0 0 1 1 1 1 1 1
177100 177199 1 1 1 1 1 1 0 0 1 1 1 1 1 1
177200 177299 1 1 1 1 1 1 0 0 1 1 1 1 1 1
177300 177399 1 1 1 1 1 1 0 0 1 1 1 1 1 1
177400 177499 1 1 1 1 1 1 0 0 1 1 1 1 1 1
177500 177599 1 1 1 1 1 1 0 0 1 1 1 1 1 1
177600 177699 1 1 1 1 1 1 0 0 1 1 1 1 1 1
177700 177799 1 1 1 1 1 1 0 0 1 1 1 1 1 1
177800 177899 1 1 1 1 1 1 0 0 1 1 1 1 1 1
177900 177999 1 1 1 1 1 1 0 0 1 1 1 1 1 1
178000 178099 1 1 1 1 1 1 0 0 1 1 1 1 1 1
178100 178199 1 1 1 1 1 1 0 0 1 1 1 1 1 1
178200 178299 1 1 1 1 1 1 0 0 1 1 1 1 1 1
178300 178399 1 1 1 1 1 1 0 0 1 1 1 1 1 1
178400 178499 1 1 1 1 1 1 0 0 1 1 1 1 1 1
178500 178599 1 1 1 1 1 1 0 0 1 1 1 1 1 1
178600 178699 1 1 1 1 1 1 0 0 1 1 1 1 1 1
178700 178799 1 1 1 1 1 1 0 0 1 1 1 1 1 1
178800 178899 1 1 1 1 1 1 0 0 1 1 1 1 1 1
178900 178999 1 1 1 1 1 1 0 0 1 1 1 1 1 1
179000 179099 1 1 1 1 1 1 0 0 1 1 1 1 1 1
179100 179199 1 1 1 1 1 1 0 0 1 1 1 1 1 1
179200 179299 1 1 1 1 1 1 0 0 1 1 1 1 1 1
179300 179399 1 1 1 1 1 1 0 0 1 1 1 1 1 1
179400 179499 1 1 1 1 1 1 0 0 1 1 1 1 1 1
179500 179599 1 1 1 1 1 1 0 0 1 1 1 1 1 1
179600 179699 1 1 1 1 1 1 0 0 1 1 1 1 1 1
179700 179799 1 1 1 1 1 1 0 0 1 1 1 1 1 1
179800 179899 1 1 1 1 1 1 0 0 1 1 1 1 1 1
179900 179999 1 1 1 1 1 1 0 0 1 1 1 1 1 1
180000 180099 1 1 1 1 1 1 0 0 1 1 1 1 1 1
180100 180199 1 1 1 1 1 1 0 0 1 1 1 1 1 1
180200 180299 1 1 1 1 1 1 0 0 1 1 1 1 1 1
180300 180399 1 1 1 1 1 1 0 0 1 1 1 1 1 1
180400 180499 1 1 1 1 1 1 0 0 1 1 1 1 1 1
180500 180599 1 1 1 1 1 1 0 0 1 1 1 1 1 1
180600 180699 1 1 1 1 1 1 0 0 1 1 1 1 1 1
180700 180799 1 1 1 1 1 1 0 0 1 1 1 1 1 1
180800 180899 1 1 1 1 1 1 0 0 1 1 1 1 1 1
180900 180999 1 1 1 1 1 1 0 0 1 1 1 1 1 1
181000 181099 1 1 1 1 1 1 0 0 1 1 1 1 1 1
181100 181199 1 1 1 1 1 1 0 0 1 1 1 1 1 1
181200 181299 1 1 1 1 1 1 0 0 1 1 1 1 1 1
181300 181399 1 1 1 1 1 1 0 0 1 1 1 1 1 1
181400 181499 1 1 1 1 1 1 0 0 1 1 1 1 1 1
181500 181599 1 1 1 1 1 1 0 0 1 1 1 1 1 1
181600 181699 1 1 1 1 1 1 0 0 1 1 1 1 1 1
181700 181799 1 1 1 1 1 1 0 0 1 1 1 1 1 1
181800 181899 1 1 1 1 1 1 0 0 1 1 1 1 1 1
181900 181999 1 1 1 1 1 1 0 0 1 1 1 1 1 1
182000 182099 1 1 1 1 1 1 0 0 1 1 1 1 1 1
182100 182199 1 1 1 1 1 1 0 0 1 1 1 1 1 1
182200 182299 1 1 1 1 1 1 0 0 1 1 1 1 1 1
182300 182399 1 1 1 1 1 1 0 0 1 1 1 1 1 1
182400 182499 1 1 1 1 1 1 0 0 1 1 1 1 1 1
182500 182599 1 1 1 1 1 1 0 0 1 1 1 1 1 1
182600 182699 1 1 1 1 1 1 0 0 1 1 1 1 1 1
182700 182799 1 1 1 1 1 1 0 0 1 1 1 1 1 1
182800 182899 1 1 1 1 1 1 0 0 1 1 1 1 1 1
182900 182999 1 1 1 1 1 1 0 0 1 1 1 1 1 1
183000 183099 1 1 1 1 1 1 0 0 1 1 1 1 1 1
183100 183199 1 1 1 1 1 1 0 0 1 1 1 1 1 1
183200 183299 1 1 1 1 1 1 0 0 1 1 1 1 1 1
183300 183399 1 1 1 1 1 1 0 0 1 1 1 1 1 1
183400 183499 1 1 1 1 1 1 0 0 1 1 1 1 1 1
183500 183599 1 1 1 1 1 1 0 0 1 1 1 1 1 1
183600 183699 1 1 1 1 1 1 0 0 1 1 1 1 1 1
183700 183799 1 1 1 1 1 1 0 0 1 1 1 1 1 1
183800 183899 1 1 1 1 1 1 0 0 1 1 1 1 1 1
183900 183999 1 1 1 1 1 1 0 0 1 1 1 1 1 1
184000 184099 1 1 1 1 1 1 0 0 1 1 1 1 1 1
184100 184199 1 1 1 1 1 1 0 0 1 1 1 1 1 1
184200 184299 1 1 1 1 1 1 0 0 1 1 1 1 1 1
184300 184399 1 1 1 1 1 1 0 0 1 1 1 1 1 1
184400 184499 1 1 1 1 1 1 0 0 1 1 1 1 1 1
184500 184599 1 1 1 1 1 1 0 0 1 1 1 1 1 1
184600 184699 1 1 1 1 1 1 0 0 1 1 1 1 1 1
184700 184799 1 1 1 1 1 1 0 0 1 1 1 1 1 1
184800 184899 1 1 1 1 1 1 0 0 1 1 1 1 1 1
184900 184999 1 1 1 1 1 1 0 0 1 1 1 1 1 1
185000 185099 1 1 1 1 1 1 0 0 1 1 1 1 1 1
185100 185199 1 1 1 1 1 1 0 0 1 1 1 1 1 1
185200 185299 1 1 1 1 1 1 0 0 1 1 1 1 1 1
185300 185399 1 1 1 1 1 1 0 0 1 1 1 1 1 1
185400 185499 1 1 1 1 1 1 0 0 1 1 1 1 1 1
185500 185599 1 1 1 1 1 1 0 0 1 1 1 1 1 1
185600 185699 1 1 1 1 1 1 0 0 1 1 1 1 1 1
185700 185799 1 1 1 1 1 1 0 0 1 1 1 1 1 1
185800 185899 1 1 1 1 1 1 0 0 1 1 1 1 1 1
185900 185999 1 1 1 1 1 1 0 0 1 1 1 1 1 1
186000 186099 1 1 1 1 1 1 0 0 1 1 1 1 1 1
186100 186199 1 1 1 1 1 1 0 0 1 1 1 1 1 1
186200 186299 1 1 1 1 1 1 0 0 1 1 1 1 1 1
186300 186399 1 1 1 1 1 1 0 0 1 1 1 1 1 1
186400 186499 1 1 1 1 1 1 0 0 1 1 1 1 1 1
186500 186599 1 1 1 1 1 1 0 0 1 1 1 1 1 1
186600 186699 1 1 1 1 1 1 0 0 1 1 1 1 1 1
186700 186799 1 1 1 1 1 1 0 0 1 1 1 1 1 1
186800 186899 1 1 1 1 1 1 0 0 1 1 1 1 1 1
186900 186999 1 1 1 1 1 1 0 0 1 1 1 1 1 1
187000 187099 1 1 1 1 1 1 0 0 1 1 1 1 1 1
187100 187199 1 1 1 1 1 1 0 0 1 1 1 1 1 1
187200 187299 1 1 1 1 1 1 0 0 1 1 1 1 1 1
187300 187399 1 1 1 1 1 1 0 0 1 1 1 1 1 1
187400 187499 1 1 1 1 1 1 0 0 1 1 1 1 1 1
187500 187599 1 1 1 1 1 1 0 0 1 1 1 1 1 1
187600 187699 1 1 1 1 1 1 0 0 1 1 1 1 1 1
187700 187799 1 1 1 1 1 1 0 0 1 1 1 1 1 1
187800 187899 1 1 1 1 1 1 0 0 1 1 1 1 1 1
187900 187999 1 1 1 1 1 1 0 0 1 1 1 1 1 1
188000 188099 1 1 1 1 1 1 0 0 1 1 1 1 1 1
188100 188199 1 1 1 1 1 1 0 0 1 1 1 1 1 1
188200 188299 1 1 1 1 1 1 0 0 1 1 1 1 1 1
188300 188399 1 1 1 1 1 1 0 0 1 1 1 1 1 1
188400 188499 1 1 1 1 1 1 0 0 1 1 1 1 1 1
188500 188599 1 1 1 1 1 1 0 0 1 1 1 1 1 1
188600 188699 1 1 1 1 1 1 0 0 1 1 1 1 1 1
188700 188799 1 1 1 1 1 1 0 0 1 1 1 1 1 1
188800 188899 1 1 1 1 1 1 0 0 1 1 1 1 1 1
188900 188999 1 1 1 1 1 1 0 0 1 1 1 1 1 1
189000 189099 1 1 1 1 1 1 0 0 1 1 1 1 1 1
189100 189199 1 1 1 1 1 1 0 0 1 1 1 1 1 1
189200 189299 1 1 1 1 1 1 0 0 1 1 1 1 1 1
189300 189399 1 1 1 1 1 1 0 0 1 1 1 1 1 1
189400 189499 1 1 1 1 1 1 0 0 1 1 1 1 1 1
189500 189599 1 1 1 1 1 1 0 0 1 1 1 1 1 1
189600 189699 1 1 1 1 1 1 0 0 1 1 1 1 1 1
189700 189799 1 1 1 1 1 1 0 0 1 1 1 1 1 1
189800 189899 1 1 1 1 1 1 0 0 1 1 1 1 1 1
189900 189999 1 1 1 1 1 1 0 0 1 1 1 1 1 1
190000 190099 1 1 1 1 1 1 0 0 1 1 1 1 1 1
190100 190199 1 1 1 1 1 1 0 0 1 1 1 1 1 1
190200 190299 1 1 1 1 1 1 0 0 1 1 1 1 1 1
190300 190399 1 1 1 1 1 1 0 0 1 1 1 1 1 1
190400 190499 1 1 1 1 1 1 0 0 1 1 1 1 1 1
190500 190599 1 1 1 1 1 1 0 0 1 1 1 1 1 1
190600 190699 1 1 1 1 1 1 0 0 1 1 1 1 1 1
190700 190799 1 1 1 1 1 1 0 0 1 1 1 1 1 1
190800 190899 1 1 1 1 1 1 0 0 1 1 1 1 1 1
190900 190999 1 1 1 1 1 1 0 0 1 1 1 1 1 1
191000 191099 1 1 1 1 1 1 0 0 1 1 1 1 1 1
191100 191199 1 1 1 1 1 1 0 0 1 1 1 1 1 1
191200 191299 1 1 1 1 1 1 0 0 1 1 1 1 1 1
191300 191399 1 1 1 1 1 1 0 0 1 1 1 1 1 1
191400 191499 1 1 1 1 1 1 0 0 1 1 1 1 1 1
191500 191599 1 1 1 1 1 1 0 0 1 1 1 1 1 1
191600 191699 1 1 1 1 1 1 0 0 1 1 1 1 1 1
191700 191799 1 1 1 1 1 1 0 0 1 1 1 1 1 1
191800 191899 1 1 1 1 1 1 0 0 1 1 1 1 1 1
191900 191999 1 1 1 1 1 1 0 0 1 1 1 1 1 1
192000 192099 1 1 1 1 1 1 0 0 1 1 1 1 1 1
192100 192199 1 1 1 1 1 1 0 0 1 1 1 1 1 1
192200 192299 1 1 1 1 1 1 0 0 1 1 1 1 1 1
192300 192399 1 1 1 1 1 1 0 0 1 1 1 1 1 1
192400 192499 1 1 1 1 1 1 0 0 1 1 1 1 1 1
192500 192599 1 1 1 1 1 1 0 0 1 1 1 1 1 1
192600 192699 1 1 1 1 1 1 0 0 1 1 1 1 1 1
192700 192799 1 1 1 1 1 1 0 0 1 1 1 1 1 1
192800 192899 1 1 1 1 1 1 0 0 1 1 1 1 1 1
192900 192999 1 1 1 1 1 1 0 0 1 1 1 1 1 1
193000 193099 1 1 1 1 1 1 0 0 1 1 1 1 1 1
193100 193199 1 1 1 1 1 1 0 0 1 1 1 1 1 1
193200 193299 1 1 1 1 1 1 0 0 1 1 1 1 1 1
193300 193399 1 1 1 1 1 1 0 0 1 1 1 1 1 1
193400 193499 1 1 1 1 1 1 0 0 1 1 1 1 1 1
193500 193599 1 1 1 1 1 1 0 0 1 1 1 1 1 1
193600 193699 1 1 1 1 1 1 0 0 1 1 1 1 1 1
193700 193799 1 1 1 1 1 1 0 0 1 1 1 1 1 1
193800 193899 1 1 1 1 1 1 0 0 1 1 1 1 1 1
193900 193999 1 1 1 1 1 1 0 0 1 1 1 1 1 1
194000 194099 1 1 1 1 1 1 0 0 1 1 1 1 1 1
194100 194199 1 1 1 1 1 1 0 0 1 1 1 1 1 1
194200 194299 1 1 1 1 1 1 0 0 1 1 1 1 1 1
194300 194399 1 1 1 1 1 1 0 0 1 1 1 1 1 1
194400 194499 1 1 1 1 1 1 0 0 1 1 1 1 1 1
194500 194599 1 1 1 1 1 1 0 0 1 1 1 1 1 1
194600 194699 1 1 1 1 1 1 0 0 1 1 1 1 1 1
194700 194799 1 1 1 1 1 1 0 0 1 1 1 1 1 1
194800 194899 1 1 1 1 1 1 0 0 1 1 1 1 1 1
194900 194999 1 1 1 1 1 1 0 0 1 1 1 1 1 1
195000 195099 1 1 1 1 1 1 0 0 1 1 1 1 1 1
195100 195199 1 1 1 1 1 1 0 0 1 1 1 1 1 1
195200 195299 1 1 1 1 1 1 0 0 1 1 1 1 1 1
195300 195399 1 1 1 1 1 1 0 0 1 1 1 1 1 1
195400 195499 1 1 1 1 1 1 0 0 1 1 1 1 1 1
195500 195599 1 1 1 1 1 1 0 0 1 1 1 1 1 1
195600 195699 1 1 1 1 1 1 0 0 1 1 1 1 1 1
195700 195799 1 1 1 1 1 1 0 0 1 1 1 1 1 1
195800 195899 1 1 1 1 1 1 0 0 1 1 1 1 1 1
195900 195999 1 1 1 1 1 1 0 0 1 1 1 1 1 1
196000 196099 1 1 1 1 1 1 0 0 1 1 1 1 1 1
196100 196199 1 1 1 1 1 1 0 0 1 1 1 1 1 1
196200 196299 1 1 1 1 1 1 0 0 1 1 1 1 1 1
196300 196399 1 1 1 1 1 1 0 0 1 1 1 1 1 1
196400 196499 1 1 1 1 1 1 0 0 1 1 1 1 1 1
196500 196599 1 1 1 1 1 1 0 0 1 1 1 1 1 1
196600 196699 1 1 1 1 1 1 0 0 1 1 1 1 1 1
196700 196799 1 1 1 1 1 1 0 0 1 1 1 1 1 1
196800 196899 1 1 1 1 1 1 0 0 1 1 1 1 1 1
196900 196999 1 1 1 1 1 1 0 0 1 1 1 1 1 1
197000 197099 1 1 1 1 1 1 0 0 1 1 1 1 1 1
197100 197199 1 1 1 1 1 1 0 0 1 1 1 1 1 1
197200 197299 1 1 1 1 1 1 0 0 1 1 1 1 1 1
197300 197399 1 1 1 1 1 1 0 0 1 1 1 1 1 1
197400 197499 1 1 1 1 1 1 0 0 1 1 1 1 1 1
197500 197599 1 1 1 1 1 1 0 0 1 1 1 1 1 1
197600 197699 1 1 1 1 1 1 0 0 1 1 1 1 1 1
197700 197799 1 1 1 1 1 1 0 0 1 1 1 1 1 1
197800 197899 1 1 1 1 1 1 0 0 1 1 1 1 1 1
197900 197999 1 1 1 1 1 1 0 0 1 1 1 1 1 1
198000 198099 1 1 1 1 1 1 0 0 1 1 1 1 1 1
198100 198199 1 1 1 1 1 1 0 0 1 1 1 1 1 1
198200 198299 1 1 1 1 1 1 0 0 1 1 1 1 1 1
198300 198399 1 1 1 1 1 1 0 0 1 1 1 1 1 1
198400 198499 1 1 1 1 1 1 0 0 1 1 1 1 1 1
198500 198599 1 1 1 1 1 1 0 0 1 1 1 1 1 1
198600 198699 1 1 1 1 1 1 0 0 1 1 1 1 1 1
198700 198799 1 1 1 1 1 1 0 0 1 1 1 1 1 1
198800 198899 1 1 1 1 1 1 0 0 1 1 1 1 1 1
198900 198999 1 1 1 1 1 1 0 0 1 1 1 1 1 1
199000 199099 1 1 1 1 1 1 0 0 1 1 1 1 1 1
199100 199199 1 1 1 1 1 1 0 0 1 1 1 1 1 1
199200 199299 1 1 1 1 1 1 0 0 1 1 1 1 1 1
199300 199399 1 1 1 1 1 1 0 0 1 1 1 1 1 1
199400 199499 1 1 1 1 1 1 0 0 1 1 1 1 1 1
199500 199599 1 1 1 1 1 1 0 0 1 1 1 1 1 1
199600 199699 1 1 1 1 1 1 0 0 1 1 1 1 1 1
199700 199799 1 1 1 1 1 1 0 0 1 1 1 1 1 1
199800 199899 1 1 1 1 1 1 0 0 1 1 1 1 1 1
199900 199999 1 1 1 1 1 1 0 0 1 1 1 1 1 1
200000 200099 1 1 1 1 1 1 0 0 1 1 1 1 1 1
200100 200199 1 1 1 1 1 1 0 0 1 1 1 1 1 1
200200 200299 1 1 1 1 1 1 0 0 1 1 1 1 1 1
200300 200399 1 1 1 1 1 1 0 0 1 1 1 1 1 1
200400 200499 1 1 1 1 1 1 0 0 1 1 1 1 1 1
200500 200599 1 1 1 1 1 1 0 0 1 1 1 1 1 1
200600 200699 1 1 1 1 1 1 0 0 1 1 1 1 1 1
